"Time","Listen Overflows","Listen Drops","SYN Retransmits","Segment Retransmits","Receive Errors","RST Sent","Receive Queue Drops","Out-of-order Queued","TCP Timeouts"
2026-06-04 15:41:00,0 p/s,0 p/s,0 p/s,17.3 mp/s,0 p/s,1.94 p/s,0 p/s,0 p/s,0 p/s
2026-06-04 15:41:30,0 p/s,0 p/s,0 p/s,12.8 mp/s,0 p/s,2.91 p/s,0 p/s,0 p/s,0 p/s
2026-06-04 15:42:00,0 p/s,0 p/s,0 p/s,11.1 mp/s,0 p/s,3.77 p/s,0 p/s,0 p/s,0 p/s
2026-06-04 15:42:30,0 p/s,0 p/s,0 p/s,0 p/s,0 p/s,3.80 p/s,0 p/s,0 p/s,0 p/s
2026-06-04 15:43:00,0 p/s,0 p/s,0 p/s,0 p/s,0 p/s,3.72 p/s,0 p/s,0 p/s,0 p/s
2026-06-04 15:43:30,0 p/s,0 p/s,0 p/s,0 p/s,0 p/s,3.81 p/s,0 p/s,0 p/s,0 p/s
2026-06-04 15:44:00,0 p/s,0 p/s,0 p/s,0 p/s,0 p/s,3.73 p/s,0 p/s,0 p/s,0 p/s
2026-06-04 15:44:30,0 p/s,0 p/s,0 p/s,0 p/s,0 p/s,3.70 p/s,0 p/s,0 p/s,0 p/s
2026-06-04 15:45:00,0 p/s,0 p/s,0 p/s,0 p/s,0 p/s,3.50 p/s,0 p/s,0 p/s,0 p/s
2026-06-04 15:45:30,0 p/s,0 p/s,0 p/s,0 p/s,0 p/s,3.54 p/s,0 p/s,0 p/s,0 p/s
2026-06-04 15:46:00,0 p/s,0 p/s,0 p/s,0 p/s,0 p/s,3.64 p/s,0 p/s,0 p/s,0 p/s
2026-06-04 15:46:30,0 p/s,0 p/s,0 p/s,0 p/s,0 p/s,3.76 p/s,0 p/s,11.1 mp/s,0 p/s
2026-06-04 15:47:00,0 p/s,0 p/s,0 p/s,0 p/s,0 p/s,3.76 p/s,0 p/s,11.1 mp/s,0 p/s
2026-06-04 15:47:30,0 p/s,0 p/s,0 p/s,11.1 mp/s,0 p/s,3.77 p/s,0 p/s,11.1 mp/s,0 p/s
2026-06-04 15:48:00,0 p/s,0 p/s,0 p/s,11.1 mp/s,0 p/s,3.74 p/s,0 p/s,0 p/s,0 p/s
2026-06-04 15:48:30,0 p/s,0 p/s,0 p/s,11.1 mp/s,0 p/s,3.80 p/s,0 p/s,0 p/s,0 p/s
2026-06-04 15:49:00,0 p/s,0 p/s,0 p/s,0 p/s,0 p/s,3.73 p/s,0 p/s,0 p/s,0 p/s
2026-06-04 15:49:30,0 p/s,0 p/s,0 p/s,0 p/s,0 p/s,3.79 p/s,0 p/s,0 p/s,0 p/s
2026-06-04 15:50:00,0 p/s,0 p/s,0 p/s,0 p/s,0 p/s,3.74 p/s,0 p/s,0 p/s,0 p/s
2026-06-04 15:50:30,0 p/s,0 p/s,0 p/s,0 p/s,0 p/s,3.72 p/s,0 p/s,0 p/s,0 p/s
2026-06-04 15:51:00,0 p/s,0 p/s,0 p/s,0 p/s,0 p/s,3.66 p/s,0 p/s,0 p/s,0 p/s
2026-06-04 15:51:30,0 p/s,0 p/s,0 p/s,0 p/s,0 p/s,3.70 p/s,0 p/s,0 p/s,0 p/s
2026-06-04 15:52:00,0 p/s,0 p/s,0 p/s,0 p/s,0 p/s,3.82 p/s,0 p/s,0 p/s,0 p/s
2026-06-04 15:52:30,0 p/s,0 p/s,0 p/s,0 p/s,0 p/s,3.84 p/s,0 p/s,0 p/s,0 p/s
2026-06-04 15:53:00,0 p/s,0 p/s,0 p/s,0 p/s,0 p/s,3.87 p/s,0 p/s,0 p/s,0 p/s
2026-06-04 15:53:30,0 p/s,0 p/s,0 p/s,0 p/s,0 p/s,3.83 p/s,0 p/s,0 p/s,0 p/s
2026-06-04 15:54:00,0 p/s,0 p/s,0 p/s,0 p/s,0 p/s,3.84 p/s,0 p/s,0 p/s,0 p/s
2026-06-04 15:54:30,0 p/s,0 p/s,0 p/s,0 p/s,0 p/s,3.86 p/s,0 p/s,0 p/s,0 p/s
2026-06-04 15:55:00,0 p/s,0 p/s,0 p/s,11.1 mp/s,0 p/s,3.87 p/s,0 p/s,0 p/s,0 p/s
2026-06-04 15:55:30,0 p/s,0 p/s,0 p/s,11.1 mp/s,0 p/s,3.91 p/s,0 p/s,0 p/s,0 p/s
2026-06-04 15:56:00,0 p/s,0 p/s,0 p/s,11.1 mp/s,0 p/s,3.83 p/s,0 p/s,0 p/s,0 p/s
2026-06-04 15:56:30,0 p/s,0 p/s,0 p/s,0 p/s,0 p/s,3.81 p/s,0 p/s,0 p/s,0 p/s
2026-06-04 15:57:00,0 p/s,0 p/s,0 p/s,0 p/s,0 p/s,3.73 p/s,0 p/s,0 p/s,0 p/s
2026-06-04 15:57:30,0 p/s,0 p/s,0 p/s,0 p/s,0 p/s,3.66 p/s,0 p/s,0 p/s,0 p/s
2026-06-04 15:58:00,0 p/s,0 p/s,0 p/s,0 p/s,0 p/s,3.66 p/s,0 p/s,0 p/s,0 p/s
2026-06-04 15:58:30,0 p/s,0 p/s,0 p/s,0 p/s,0 p/s,3.77 p/s,0 p/s,0 p/s,0 p/s
2026-06-04 15:59:00,0 p/s,0 p/s,0 p/s,0 p/s,0 p/s,3.83 p/s,0 p/s,0 p/s,0 p/s
2026-06-04 15:59:30,0 p/s,0 p/s,0 p/s,0 p/s,0 p/s,3.89 p/s,0 p/s,0 p/s,0 p/s
2026-06-04 16:00:00,0 p/s,0 p/s,0 p/s,0 p/s,0 p/s,3.78 p/s,0 p/s,0 p/s,0 p/s
2026-06-04 16:00:30,0 p/s,0 p/s,0 p/s,0 p/s,0 p/s,3.88 p/s,0 p/s,0 p/s,0 p/s
2026-06-04 16:01:00,0 p/s,0 p/s,0 p/s,0 p/s,0 p/s,3.89 p/s,0 p/s,0 p/s,0 p/s
2026-06-04 16:01:30,0 p/s,0 p/s,0 p/s,0 p/s,0 p/s,3.92 p/s,0 p/s,0 p/s,0 p/s
2026-06-04 16:02:00,0 p/s,0 p/s,0 p/s,0 p/s,0 p/s,3.90 p/s,0 p/s,0 p/s,0 p/s
2026-06-04 16:02:30,0 p/s,0 p/s,0 p/s,0 p/s,0 p/s,3.86 p/s,0 p/s,0 p/s,0 p/s
2026-06-04 16:03:00,0 p/s,0 p/s,0 p/s,0 p/s,0 p/s,3.87 p/s,0 p/s,0 p/s,0 p/s
2026-06-04 16:03:30,0 p/s,0 p/s,0 p/s,0 p/s,0 p/s,3.87 p/s,0 p/s,0 p/s,0 p/s
2026-06-04 16:04:00,0 p/s,0 p/s,0 p/s,0 p/s,0 p/s,3.96 p/s,0 p/s,0 p/s,0 p/s
2026-06-04 16:04:30,0 p/s,0 p/s,0 p/s,11.1 mp/s,0 p/s,4.01 p/s,0 p/s,0 p/s,0 p/s
2026-06-04 16:05:00,0 p/s,0 p/s,0 p/s,11.1 mp/s,0 p/s,4.00 p/s,0 p/s,0 p/s,0 p/s
2026-06-04 16:05:30,0 p/s,0 p/s,0 p/s,11.1 mp/s,0 p/s,3.84 p/s,0 p/s,0 p/s,0 p/s
2026-06-04 16:06:00,0 p/s,0 p/s,0 p/s,0 p/s,0 p/s,3.74 p/s,0 p/s,0 p/s,0 p/s
2026-06-04 16:06:30,0 p/s,0 p/s,0 p/s,0 p/s,0 p/s,3.64 p/s,0 p/s,0 p/s,0 p/s
2026-06-04 16:07:00,0 p/s,0 p/s,0 p/s,11.1 mp/s,0 p/s,3.67 p/s,0 p/s,0 p/s,0 p/s
2026-06-04 16:07:30,0 p/s,0 p/s,0 p/s,11.1 mp/s,0 p/s,3.68 p/s,0 p/s,0 p/s,0 p/s
2026-06-04 16:08:00,0 p/s,0 p/s,0 p/s,11.1 mp/s,0 p/s,3.73 p/s,0 p/s,0 p/s,0 p/s
2026-06-04 16:08:30,0 p/s,0 p/s,0 p/s,0 p/s,0 p/s,3.72 p/s,0 p/s,0 p/s,0 p/s
2026-06-04 16:09:00,0 p/s,0 p/s,0 p/s,0 p/s,0 p/s,3.89 p/s,0 p/s,0 p/s,0 p/s
2026-06-04 16:09:30,0 p/s,0 p/s,0 p/s,0 p/s,0 p/s,3.91 p/s,0 p/s,0 p/s,0 p/s
2026-06-04 16:10:00,0 p/s,0 p/s,0 p/s,0 p/s,0 p/s,3.96 p/s,0 p/s,0 p/s,0 p/s
2026-06-04 16:10:30,0 p/s,0 p/s,0 p/s,0 p/s,0 p/s,3.90 p/s,0 p/s,0 p/s,0 p/s
2026-06-04 16:11:00,0 p/s,0 p/s,0 p/s,0 p/s,0 p/s,3.91 p/s,0 p/s,0 p/s,0 p/s
2026-06-04 16:11:30,0 p/s,0 p/s,0 p/s,0 p/s,0 p/s,3.90 p/s,0 p/s,0 p/s,0 p/s
2026-06-04 16:12:00,0 p/s,0 p/s,0 p/s,0 p/s,0 p/s,3.92 p/s,0 p/s,0 p/s,0 p/s
2026-06-04 16:12:30,0 p/s,0 p/s,0 p/s,0 p/s,0 p/s,3.93 p/s,0 p/s,0 p/s,0 p/s
2026-06-04 16:13:00,0 p/s,0 p/s,0 p/s,0 p/s,0 p/s,3.84 p/s,0 p/s,0 p/s,0 p/s
2026-06-04 16:13:30,0 p/s,0 p/s,0 p/s,0 p/s,0 p/s,3.69 p/s,0 p/s,0 p/s,0 p/s
2026-06-04 16:14:00,0 p/s,0 p/s,0 p/s,0 p/s,0 p/s,3.67 p/s,0 p/s,0 p/s,0 p/s
2026-06-04 16:14:30,0 p/s,0 p/s,0 p/s,0 p/s,0 p/s,3.81 p/s,0 p/s,0 p/s,0 p/s
2026-06-04 16:15:00,0 p/s,0 p/s,0 p/s,0 p/s,0 p/s,3.91 p/s,0 p/s,0 p/s,0 p/s
2026-06-04 16:15:30,0 p/s,0 p/s,0 p/s,0 p/s,0 p/s,3.88 p/s,0 p/s,0 p/s,0 p/s
2026-06-04 16:16:00,0 p/s,0 p/s,0 p/s,0 p/s,0 p/s,3.82 p/s,0 p/s,0 p/s,0 p/s
2026-06-04 16:16:30,0 p/s,0 p/s,0 p/s,0 p/s,0 p/s,3.81 p/s,0 p/s,0 p/s,0 p/s
2026-06-04 16:17:00,0 p/s,0 p/s,0 p/s,0 p/s,0 p/s,3.86 p/s,0 p/s,0 p/s,0 p/s
2026-06-04 16:17:30,0 p/s,0 p/s,0 p/s,0 p/s,0 p/s,3.80 p/s,0 p/s,0 p/s,0 p/s
2026-06-04 16:18:00,0 p/s,0 p/s,0 p/s,0 p/s,0 p/s,3.77 p/s,0 p/s,0 p/s,0 p/s
2026-06-04 16:18:30,0 p/s,0 p/s,0 p/s,0 p/s,0 p/s,3.76 p/s,0 p/s,0 p/s,0 p/s
2026-06-04 16:19:00,0 p/s,0 p/s,0 p/s,0 p/s,0 p/s,3.86 p/s,0 p/s,0 p/s,0 p/s
2026-06-04 16:19:30,0 p/s,0 p/s,0 p/s,0 p/s,0 p/s,3.87 p/s,0 p/s,0 p/s,0 p/s
2026-06-04 16:20:00,0 p/s,0 p/s,0 p/s,0 p/s,0 p/s,3.96 p/s,0 p/s,0 p/s,0 p/s
2026-06-04 16:20:30,0 p/s,0 p/s,0 p/s,0 p/s,0 p/s,3.98 p/s,0 p/s,0 p/s,0 p/s
2026-06-04 16:21:00,0 p/s,0 p/s,0 p/s,0 p/s,0 p/s,3.99 p/s,0 p/s,0 p/s,0 p/s
2026-06-04 16:21:30,0 p/s,0 p/s,0 p/s,0 p/s,0 p/s,3.93 p/s,0 p/s,0 p/s,0 p/s
2026-06-04 16:22:00,0 p/s,0 p/s,0 p/s,0 p/s,0 p/s,3.90 p/s,0 p/s,0 p/s,0 p/s
2026-06-04 16:22:30,0 p/s,0 p/s,0 p/s,0 p/s,0 p/s,3.91 p/s,0 p/s,0 p/s,0 p/s
2026-06-04 16:23:00,0 p/s,0 p/s,0 p/s,0 p/s,0 p/s,3.84 p/s,0 p/s,0 p/s,0 p/s
2026-06-04 16:23:30,0 p/s,0 p/s,0 p/s,0 p/s,0 p/s,3.79 p/s,0 p/s,0 p/s,0 p/s
2026-06-04 16:24:00,0 p/s,0 p/s,0 p/s,0 p/s,0 p/s,3.78 p/s,0 p/s,0 p/s,0 p/s
2026-06-04 16:24:30,0 p/s,0 p/s,0 p/s,0 p/s,0 p/s,3.83 p/s,0 p/s,0 p/s,0 p/s
2026-06-04 16:25:00,0 p/s,0 p/s,0 p/s,0 p/s,0 p/s,3.84 p/s,0 p/s,0 p/s,0 p/s
2026-06-04 16:25:30,0 p/s,0 p/s,0 p/s,0 p/s,0 p/s,3.89 p/s,0 p/s,0 p/s,0 p/s
2026-06-04 16:26:00,0 p/s,0 p/s,0 p/s,0 p/s,0 p/s,3.92 p/s,0 p/s,0 p/s,0 p/s
2026-06-04 16:26:30,0 p/s,0 p/s,0 p/s,0 p/s,0 p/s,3.93 p/s,0 p/s,0 p/s,0 p/s
2026-06-04 16:27:00,0 p/s,0 p/s,0 p/s,0 p/s,0 p/s,3.87 p/s,0 p/s,0 p/s,0 p/s
2026-06-04 16:27:30,0 p/s,0 p/s,0 p/s,0 p/s,0 p/s,3.76 p/s,0 p/s,0 p/s,0 p/s
2026-06-04 16:28:00,0 p/s,0 p/s,0 p/s,0 p/s,0 p/s,3.80 p/s,0 p/s,0 p/s,0 p/s
2026-06-04 16:28:30,0 p/s,0 p/s,0 p/s,0 p/s,0 p/s,3.81 p/s,0 p/s,0 p/s,0 p/s
2026-06-04 16:29:00,0 p/s,0 p/s,0 p/s,0 p/s,0 p/s,3.83 p/s,0 p/s,0 p/s,0 p/s
2026-06-04 16:29:30,0 p/s,0 p/s,0 p/s,11.1 mp/s,0 p/s,3.77 p/s,0 p/s,0 p/s,0 p/s
2026-06-04 16:30:00,0 p/s,0 p/s,0 p/s,11.1 mp/s,0 p/s,3.67 p/s,0 p/s,0 p/s,0 p/s
2026-06-04 16:30:30,0 p/s,0 p/s,0 p/s,11.1 mp/s,0 p/s,3.67 p/s,0 p/s,0 p/s,0 p/s
2026-06-04 16:31:00,0 p/s,0 p/s,0 p/s,0 p/s,0 p/s,3.66 p/s,0 p/s,0 p/s,0 p/s
2026-06-04 16:31:30,0 p/s,0 p/s,0 p/s,0 p/s,0 p/s,3.76 p/s,0 p/s,0 p/s,0 p/s
2026-06-04 16:32:00,0 p/s,0 p/s,0 p/s,0 p/s,0 p/s,3.71 p/s,0 p/s,0 p/s,0 p/s
2026-06-04 16:32:30,0 p/s,0 p/s,0 p/s,0 p/s,0 p/s,3.67 p/s,0 p/s,0 p/s,0 p/s
2026-06-04 16:33:00,0 p/s,0 p/s,0 p/s,0 p/s,0 p/s,3.64 p/s,0 p/s,0 p/s,0 p/s
2026-06-04 16:33:30,0 p/s,0 p/s,0 p/s,11.1 mp/s,0 p/s,3.62 p/s,0 p/s,0 p/s,0 p/s
2026-06-04 16:34:00,0 p/s,0 p/s,0 p/s,11.1 mp/s,0 p/s,3.70 p/s,0 p/s,0 p/s,0 p/s
2026-06-04 16:34:30,0 p/s,0 p/s,0 p/s,11.1 mp/s,0 p/s,3.63 p/s,0 p/s,0 p/s,0 p/s
2026-06-04 16:35:00,0 p/s,0 p/s,0 p/s,0 p/s,0 p/s,3.88 p/s,0 p/s,0 p/s,0 p/s
2026-06-04 16:35:30,0 p/s,0 p/s,0 p/s,0 p/s,0 p/s,3.87 p/s,0 p/s,0 p/s,0 p/s
2026-06-04 16:36:00,0 p/s,0 p/s,0 p/s,0 p/s,0 p/s,3.99 p/s,0 p/s,0 p/s,0 p/s
2026-06-04 16:36:30,0 p/s,0 p/s,0 p/s,0 p/s,0 p/s,3.83 p/s,0 p/s,0 p/s,0 p/s
2026-06-04 16:37:00,0 p/s,0 p/s,0 p/s,0 p/s,0 p/s,3.93 p/s,0 p/s,0 p/s,0 p/s
2026-06-04 16:37:30,0 p/s,0 p/s,0 p/s,0 p/s,0 p/s,3.96 p/s,0 p/s,0 p/s,0 p/s
2026-06-04 16:38:00,0 p/s,0 p/s,0 p/s,0 p/s,0 p/s,3.96 p/s,0 p/s,0 p/s,0 p/s
2026-06-04 16:38:30,0 p/s,0 p/s,0 p/s,0 p/s,0 p/s,3.88 p/s,0 p/s,0 p/s,0 p/s
2026-06-04 16:39:00,0 p/s,0 p/s,0 p/s,0 p/s,0 p/s,3.81 p/s,0 p/s,0 p/s,0 p/s
2026-06-04 16:39:30,0 p/s,0 p/s,0 p/s,0 p/s,0 p/s,3.74 p/s,0 p/s,0 p/s,0 p/s
2026-06-04 16:40:00,0 p/s,0 p/s,0 p/s,0 p/s,0 p/s,3.76 p/s,0 p/s,0 p/s,0 p/s
2026-06-04 16:40:30,0 p/s,0 p/s,0 p/s,0 p/s,0 p/s,3.71 p/s,0 p/s,0 p/s,0 p/s
2026-06-04 16:41:00,0 p/s,0 p/s,0 p/s,11.1 mp/s,0 p/s,3.71 p/s,0 p/s,0 p/s,0 p/s
2026-06-04 16:41:30,0 p/s,0 p/s,0 p/s,11.1 mp/s,0 p/s,3.77 p/s,0 p/s,0 p/s,0 p/s
2026-06-04 16:42:00,0 p/s,0 p/s,0 p/s,11.1 mp/s,0 p/s,3.81 p/s,0 p/s,0 p/s,0 p/s
2026-06-04 16:42:30,0 p/s,0 p/s,0 p/s,0 p/s,0 p/s,3.89 p/s,0 p/s,0 p/s,0 p/s
2026-06-04 16:43:00,0 p/s,0 p/s,0 p/s,0 p/s,0 p/s,3.80 p/s,0 p/s,0 p/s,0 p/s
2026-06-04 16:43:30,0 p/s,0 p/s,0 p/s,0 p/s,0 p/s,3.78 p/s,0 p/s,0 p/s,0 p/s
2026-06-04 16:44:00,0 p/s,0 p/s,0 p/s,0 p/s,0 p/s,3.69 p/s,0 p/s,0 p/s,0 p/s
2026-06-04 16:44:30,0 p/s,0 p/s,0 p/s,0 p/s,0 p/s,3.64 p/s,0 p/s,0 p/s,0 p/s
2026-06-04 16:45:00,0 p/s,0 p/s,0 p/s,0 p/s,0 p/s,3.61 p/s,0 p/s,0 p/s,0 p/s
2026-06-04 16:45:30,0 p/s,0 p/s,0 p/s,0 p/s,0 p/s,3.60 p/s,0 p/s,0 p/s,0 p/s
2026-06-04 16:46:00,0 p/s,0 p/s,0 p/s,0 p/s,0 p/s,3.67 p/s,0 p/s,0 p/s,0 p/s
2026-06-04 16:46:30,0 p/s,0 p/s,0 p/s,0 p/s,0 p/s,3.71 p/s,0 p/s,0 p/s,0 p/s
2026-06-04 16:47:00,0 p/s,0 p/s,0 p/s,0 p/s,0 p/s,3.70 p/s,0 p/s,0 p/s,0 p/s
2026-06-04 16:47:30,0 p/s,0 p/s,0 p/s,0 p/s,0 p/s,3.71 p/s,0 p/s,0 p/s,0 p/s
2026-06-04 16:48:00,0 p/s,0 p/s,0 p/s,0 p/s,0 p/s,3.76 p/s,0 p/s,0 p/s,0 p/s
2026-06-04 16:48:30,0 p/s,0 p/s,0 p/s,11.1 mp/s,0 p/s,3.78 p/s,0 p/s,0 p/s,0 p/s
2026-06-04 16:49:00,0 p/s,0 p/s,0 p/s,11.1 mp/s,0 p/s,3.72 p/s,0 p/s,0 p/s,0 p/s
2026-06-04 16:49:30,0 p/s,0 p/s,0 p/s,11.1 mp/s,0 p/s,3.68 p/s,0 p/s,0 p/s,0 p/s
2026-06-04 16:50:00,0 p/s,0 p/s,0 p/s,0 p/s,0 p/s,3.64 p/s,0 p/s,0 p/s,0 p/s
2026-06-04 16:50:30,0 p/s,0 p/s,0 p/s,0 p/s,0 p/s,3.71 p/s,0 p/s,0 p/s,0 p/s
2026-06-04 16:51:00,0 p/s,0 p/s,0 p/s,0 p/s,0 p/s,3.74 p/s,0 p/s,0 p/s,0 p/s
2026-06-04 16:51:30,0 p/s,0 p/s,0 p/s,0 p/s,0 p/s,3.84 p/s,0 p/s,0 p/s,0 p/s
2026-06-04 16:52:00,0 p/s,0 p/s,0 p/s,0 p/s,0 p/s,3.78 p/s,0 p/s,0 p/s,0 p/s
2026-06-04 16:52:30,0 p/s,0 p/s,0 p/s,0 p/s,0 p/s,3.76 p/s,0 p/s,0 p/s,0 p/s
2026-06-04 16:53:00,0 p/s,0 p/s,0 p/s,0 p/s,0 p/s,3.68 p/s,0 p/s,0 p/s,0 p/s
2026-06-04 16:53:30,0 p/s,0 p/s,0 p/s,0 p/s,0 p/s,3.76 p/s,0 p/s,0 p/s,0 p/s
2026-06-04 16:54:00,0 p/s,0 p/s,0 p/s,0 p/s,0 p/s,3.81 p/s,0 p/s,0 p/s,0 p/s
2026-06-04 16:54:30,0 p/s,0 p/s,0 p/s,0 p/s,0 p/s,3.90 p/s,0 p/s,0 p/s,0 p/s
2026-06-04 16:55:00,0 p/s,0 p/s,0 p/s,0 p/s,0 p/s,3.72 p/s,0 p/s,0 p/s,0 p/s
2026-06-04 16:55:30,0 p/s,0 p/s,0 p/s,0 p/s,0 p/s,3.69 p/s,0 p/s,0 p/s,0 p/s
2026-06-04 16:56:00,0 p/s,0 p/s,0 p/s,0 p/s,0 p/s,3.67 p/s,0 p/s,0 p/s,0 p/s
2026-06-04 16:56:30,0 p/s,0 p/s,0 p/s,0 p/s,0 p/s,3.73 p/s,0 p/s,0 p/s,0 p/s
2026-06-04 16:57:00,0 p/s,0 p/s,0 p/s,0 p/s,0 p/s,3.67 p/s,0 p/s,0 p/s,0 p/s
2026-06-04 16:57:30,0 p/s,0 p/s,0 p/s,0 p/s,0 p/s,3.67 p/s,0 p/s,0 p/s,0 p/s
2026-06-04 16:58:00,0 p/s,0 p/s,0 p/s,0 p/s,0 p/s,3.76 p/s,0 p/s,0 p/s,0 p/s
2026-06-04 16:58:30,0 p/s,0 p/s,0 p/s,0 p/s,0 p/s,3.82 p/s,0 p/s,0 p/s,0 p/s
2026-06-04 16:59:00,0 p/s,0 p/s,0 p/s,0 p/s,0 p/s,3.90 p/s,0 p/s,0 p/s,0 p/s
2026-06-04 16:59:30,0 p/s,0 p/s,0 p/s,0 p/s,0 p/s,3.88 p/s,0 p/s,0 p/s,0 p/s
2026-06-04 17:00:00,0 p/s,0 p/s,0 p/s,0 p/s,0 p/s,3.80 p/s,0 p/s,0 p/s,0 p/s
2026-06-04 17:00:30,0 p/s,0 p/s,0 p/s,0 p/s,0 p/s,3.67 p/s,0 p/s,0 p/s,0 p/s
2026-06-04 17:01:00,0 p/s,0 p/s,0 p/s,11.1 mp/s,0 p/s,3.70 p/s,0 p/s,0 p/s,0 p/s
2026-06-04 17:01:30,0 p/s,0 p/s,0 p/s,11.1 mp/s,0 p/s,3.76 p/s,0 p/s,0 p/s,0 p/s
2026-06-04 17:02:00,0 p/s,0 p/s,0 p/s,22.2 mp/s,0 p/s,3.79 p/s,0 p/s,0 p/s,0 p/s
2026-06-04 17:02:30,0 p/s,0 p/s,0 p/s,11.1 mp/s,0 p/s,3.66 p/s,0 p/s,0 p/s,0 p/s
2026-06-04 17:03:00,0 p/s,0 p/s,0 p/s,11.1 mp/s,0 p/s,3.67 p/s,0 p/s,0 p/s,0 p/s
2026-06-04 17:03:30,0 p/s,0 p/s,0 p/s,0 p/s,0 p/s,3.61 p/s,0 p/s,0 p/s,0 p/s
2026-06-04 17:04:00,0 p/s,0 p/s,0 p/s,0 p/s,0 p/s,3.67 p/s,0 p/s,0 p/s,0 p/s
2026-06-04 17:04:30,0 p/s,0 p/s,0 p/s,0 p/s,0 p/s,3.62 p/s,0 p/s,0 p/s,0 p/s
2026-06-04 17:05:00,0 p/s,0 p/s,0 p/s,0 p/s,0 p/s,3.68 p/s,0 p/s,0 p/s,0 p/s
2026-06-04 17:05:30,0 p/s,0 p/s,0 p/s,0 p/s,0 p/s,3.73 p/s,0 p/s,0 p/s,0 p/s
2026-06-04 17:06:00,0 p/s,0 p/s,0 p/s,0 p/s,0 p/s,3.72 p/s,0 p/s,0 p/s,0 p/s
2026-06-04 17:06:30,0 p/s,0 p/s,0 p/s,11.1 mp/s,0 p/s,3.70 p/s,0 p/s,0 p/s,0 p/s
2026-06-04 17:07:00,0 p/s,0 p/s,0 p/s,11.1 mp/s,0 p/s,3.70 p/s,0 p/s,0 p/s,0 p/s
2026-06-04 17:07:30,0 p/s,0 p/s,0 p/s,11.1 mp/s,0 p/s,3.73 p/s,0 p/s,0 p/s,0 p/s
2026-06-04 17:08:00,0 p/s,0 p/s,0 p/s,0 p/s,0 p/s,3.71 p/s,0 p/s,0 p/s,0 p/s
2026-06-04 17:08:30,0 p/s,0 p/s,0 p/s,0 p/s,0 p/s,3.64 p/s,0 p/s,0 p/s,0 p/s
2026-06-04 17:09:00,0 p/s,0 p/s,0 p/s,0 p/s,0 p/s,3.63 p/s,0 p/s,0 p/s,0 p/s
2026-06-04 17:09:30,0 p/s,0 p/s,0 p/s,0 p/s,0 p/s,3.67 p/s,0 p/s,0 p/s,0 p/s
2026-06-04 17:10:00,0 p/s,0 p/s,0 p/s,0 p/s,0 p/s,3.77 p/s,0 p/s,0 p/s,0 p/s
2026-06-04 17:10:30,0 p/s,0 p/s,0 p/s,0 p/s,0 p/s,3.80 p/s,0 p/s,0 p/s,0 p/s
2026-06-04 17:11:00,0 p/s,0 p/s,0 p/s,0 p/s,0 p/s,3.86 p/s,0 p/s,0 p/s,0 p/s
2026-06-04 17:11:30,0 p/s,0 p/s,0 p/s,0 p/s,0 p/s,3.86 p/s,0 p/s,0 p/s,0 p/s
2026-06-04 17:12:00,0 p/s,0 p/s,0 p/s,0 p/s,0 p/s,3.83 p/s,0 p/s,0 p/s,0 p/s
2026-06-04 17:12:30,0 p/s,0 p/s,0 p/s,0 p/s,0 p/s,3.86 p/s,0 p/s,0 p/s,0 p/s
2026-06-04 17:13:00,0 p/s,0 p/s,0 p/s,0 p/s,0 p/s,3.90 p/s,0 p/s,0 p/s,0 p/s
2026-06-04 17:13:30,0 p/s,0 p/s,0 p/s,0 p/s,0 p/s,3.86 p/s,0 p/s,0 p/s,0 p/s
2026-06-04 17:14:00,0 p/s,0 p/s,0 p/s,0 p/s,0 p/s,3.83 p/s,0 p/s,0 p/s,0 p/s
2026-06-04 17:14:30,0 p/s,0 p/s,0 p/s,0 p/s,0 p/s,3.72 p/s,0 p/s,0 p/s,0 p/s
2026-06-04 17:15:00,0 p/s,0 p/s,0 p/s,0 p/s,0 p/s,3.80 p/s,0 p/s,0 p/s,0 p/s
2026-06-04 17:15:30,0 p/s,0 p/s,0 p/s,0 p/s,0 p/s,3.87 p/s,0 p/s,0 p/s,0 p/s
2026-06-04 17:16:00,0 p/s,0 p/s,0 p/s,0 p/s,0 p/s,3.88 p/s,0 p/s,0 p/s,0 p/s
2026-06-04 17:16:30,0 p/s,0 p/s,0 p/s,0 p/s,0 p/s,3.84 p/s,0 p/s,0 p/s,0 p/s
2026-06-04 17:17:00,0 p/s,0 p/s,0 p/s,0 p/s,0 p/s,3.79 p/s,0 p/s,0 p/s,0 p/s
2026-06-04 17:17:30,0 p/s,0 p/s,0 p/s,0 p/s,0 p/s,3.83 p/s,0 p/s,0 p/s,0 p/s
2026-06-04 17:18:00,0 p/s,0 p/s,0 p/s,0 p/s,0 p/s,3.84 p/s,0 p/s,0 p/s,0 p/s
2026-06-04 17:18:30,0 p/s,0 p/s,0 p/s,0 p/s,0 p/s,3.85 p/s,0 p/s,0 p/s,0 p/s
2026-06-04 17:19:00,0 p/s,0 p/s,0 p/s,0 p/s,0 p/s,3.80 p/s,0 p/s,0 p/s,0 p/s
2026-06-04 17:19:30,0 p/s,0 p/s,0 p/s,0 p/s,0 p/s,3.77 p/s,0 p/s,0 p/s,0 p/s
2026-06-04 17:20:00,0 p/s,0 p/s,0 p/s,0 p/s,0 p/s,3.63 p/s,0 p/s,0 p/s,0 p/s
2026-06-04 17:20:30,0 p/s,0 p/s,0 p/s,0 p/s,0 p/s,3.67 p/s,0 p/s,0 p/s,0 p/s
2026-06-04 17:21:00,0 p/s,0 p/s,0 p/s,0 p/s,0 p/s,3.67 p/s,0 p/s,0 p/s,0 p/s
2026-06-04 17:21:30,0 p/s,0 p/s,0 p/s,0 p/s,0 p/s,3.78 p/s,0 p/s,0 p/s,0 p/s
2026-06-04 17:22:00,0 p/s,0 p/s,0 p/s,0 p/s,0 p/s,3.73 p/s,0 p/s,0 p/s,0 p/s
2026-06-04 17:22:30,0 p/s,0 p/s,0 p/s,0 p/s,0 p/s,3.78 p/s,0 p/s,0 p/s,0 p/s
2026-06-04 17:23:00,0 p/s,0 p/s,0 p/s,0 p/s,0 p/s,3.74 p/s,0 p/s,0 p/s,0 p/s
2026-06-04 17:23:30,0 p/s,0 p/s,0 p/s,0 p/s,0 p/s,3.73 p/s,0 p/s,0 p/s,0 p/s
2026-06-04 17:24:00,0 p/s,0 p/s,0 p/s,0 p/s,0 p/s,3.64 p/s,0 p/s,0 p/s,0 p/s
2026-06-04 17:24:30,0 p/s,0 p/s,0 p/s,0 p/s,0 p/s,3.57 p/s,0 p/s,0 p/s,0 p/s
2026-06-04 17:25:00,0 p/s,0 p/s,0 p/s,0 p/s,0 p/s,3.54 p/s,0 p/s,0 p/s,0 p/s
2026-06-04 17:25:30,0 p/s,0 p/s,0 p/s,0 p/s,0 p/s,3.64 p/s,0 p/s,0 p/s,0 p/s
2026-06-04 17:26:00,0 p/s,0 p/s,0 p/s,0 p/s,0 p/s,3.72 p/s,0 p/s,0 p/s,0 p/s
2026-06-04 17:26:30,0 p/s,0 p/s,0 p/s,0 p/s,0 p/s,3.78 p/s,0 p/s,0 p/s,0 p/s
2026-06-04 17:27:00,0 p/s,0 p/s,0 p/s,0 p/s,0 p/s,3.66 p/s,0 p/s,0 p/s,0 p/s
2026-06-04 17:27:30,0 p/s,0 p/s,0 p/s,0 p/s,0 p/s,3.61 p/s,0 p/s,0 p/s,0 p/s
2026-06-04 17:28:00,0 p/s,0 p/s,0 p/s,0 p/s,0 p/s,3.63 p/s,0 p/s,0 p/s,0 p/s
2026-06-04 17:28:30,0 p/s,0 p/s,0 p/s,0 p/s,0 p/s,3.72 p/s,0 p/s,0 p/s,0 p/s
2026-06-04 17:29:00,0 p/s,0 p/s,0 p/s,0 p/s,0 p/s,3.71 p/s,0 p/s,0 p/s,0 p/s
2026-06-04 17:29:30,0 p/s,0 p/s,0 p/s,0 p/s,0 p/s,3.69 p/s,0 p/s,0 p/s,0 p/s
2026-06-04 17:30:00,0 p/s,0 p/s,0 p/s,0 p/s,0 p/s,3.73 p/s,0 p/s,0 p/s,0 p/s
2026-06-04 17:30:30,0 p/s,0 p/s,0 p/s,0 p/s,0 p/s,3.81 p/s,0 p/s,0 p/s,0 p/s
2026-06-04 17:31:00,0 p/s,0 p/s,0 p/s,0 p/s,0 p/s,3.78 p/s,0 p/s,0 p/s,0 p/s
2026-06-04 17:31:30,0 p/s,0 p/s,0 p/s,0 p/s,0 p/s,3.62 p/s,0 p/s,0 p/s,0 p/s
2026-06-04 17:32:00,0 p/s,0 p/s,0 p/s,0 p/s,0 p/s,3.59 p/s,0 p/s,0 p/s,0 p/s
2026-06-04 17:32:30,0 p/s,0 p/s,0 p/s,0 p/s,0 p/s,3.54 p/s,0 p/s,0 p/s,0 p/s
2026-06-04 17:33:00,0 p/s,0 p/s,0 p/s,0 p/s,0 p/s,3.59 p/s,0 p/s,0 p/s,0 p/s
2026-06-04 17:33:30,0 p/s,0 p/s,0 p/s,0 p/s,0 p/s,3.61 p/s,0 p/s,0 p/s,0 p/s
2026-06-04 17:34:00,0 p/s,0 p/s,0 p/s,0 p/s,0 p/s,3.67 p/s,0 p/s,0 p/s,0 p/s
2026-06-04 17:34:30,0 p/s,0 p/s,0 p/s,0 p/s,0 p/s,3.72 p/s,0 p/s,0 p/s,0 p/s
2026-06-04 17:35:00,0 p/s,0 p/s,0 p/s,0 p/s,0 p/s,3.82 p/s,0 p/s,0 p/s,0 p/s
2026-06-04 17:35:30,0 p/s,0 p/s,0 p/s,0 p/s,0 p/s,3.89 p/s,0 p/s,0 p/s,0 p/s
2026-06-04 17:36:00,0 p/s,0 p/s,0 p/s,0 p/s,0 p/s,3.88 p/s,0 p/s,0 p/s,0 p/s
2026-06-04 17:36:30,0 p/s,0 p/s,0 p/s,0 p/s,0 p/s,3.84 p/s,0 p/s,0 p/s,0 p/s
2026-06-04 17:37:00,0 p/s,0 p/s,0 p/s,0 p/s,0 p/s,3.79 p/s,0 p/s,0 p/s,0 p/s
2026-06-04 17:37:30,0 p/s,0 p/s,0 p/s,0 p/s,0 p/s,3.88 p/s,0 p/s,0 p/s,0 p/s
2026-06-04 17:38:00,0 p/s,0 p/s,0 p/s,0 p/s,0 p/s,3.82 p/s,0 p/s,0 p/s,0 p/s
2026-06-04 17:38:30,0 p/s,0 p/s,0 p/s,0 p/s,0 p/s,3.82 p/s,0 p/s,0 p/s,0 p/s
2026-06-04 17:39:00,0 p/s,0 p/s,0 p/s,0 p/s,0 p/s,3.79 p/s,0 p/s,0 p/s,0 p/s
2026-06-04 17:39:30,0 p/s,0 p/s,0 p/s,0 p/s,0 p/s,3.73 p/s,0 p/s,0 p/s,0 p/s
2026-06-04 17:40:00,0 p/s,0 p/s,0 p/s,0 p/s,0 p/s,3.73 p/s,0 p/s,0 p/s,0 p/s
2026-06-04 17:40:30,0 p/s,0 p/s,0 p/s,0 p/s,0 p/s,3.71 p/s,0 p/s,0 p/s,0 p/s
2026-06-04 17:41:00,0 p/s,0 p/s,0 p/s,0 p/s,0 p/s,3.70 p/s,0 p/s,0 p/s,0 p/s
2026-06-04 17:41:30,0 p/s,0 p/s,0 p/s,0 p/s,0 p/s,3.72 p/s,0 p/s,0 p/s,0 p/s
2026-06-04 17:42:00,0 p/s,0 p/s,0 p/s,0 p/s,0 p/s,3.69 p/s,0 p/s,0 p/s,0 p/s
2026-06-04 17:42:30,0 p/s,0 p/s,0 p/s,0 p/s,0 p/s,3.69 p/s,0 p/s,0 p/s,0 p/s
2026-06-04 17:43:00,0 p/s,0 p/s,0 p/s,0 p/s,0 p/s,3.66 p/s,0 p/s,0 p/s,0 p/s
2026-06-04 17:43:30,0 p/s,0 p/s,0 p/s,0 p/s,0 p/s,3.66 p/s,0 p/s,0 p/s,0 p/s
2026-06-04 17:44:00,0 p/s,0 p/s,0 p/s,0 p/s,0 p/s,3.74 p/s,0 p/s,0 p/s,0 p/s
2026-06-04 17:44:30,0 p/s,0 p/s,0 p/s,11.1 mp/s,0 p/s,3.74 p/s,0 p/s,0 p/s,0 p/s
2026-06-04 17:45:00,0 p/s,0 p/s,0 p/s,11.1 mp/s,0 p/s,3.89 p/s,0 p/s,0 p/s,0 p/s
2026-06-04 17:45:30,0 p/s,0 p/s,0 p/s,11.1 mp/s,0 p/s,3.90 p/s,0 p/s,0 p/s,0 p/s
2026-06-04 17:46:00,0 p/s,0 p/s,0 p/s,0 p/s,0 p/s,4.00 p/s,0 p/s,0 p/s,0 p/s
2026-06-04 17:46:30,0 p/s,0 p/s,0 p/s,0 p/s,0 p/s,3.87 p/s,0 p/s,0 p/s,0 p/s
2026-06-04 17:47:00,0 p/s,0 p/s,0 p/s,0 p/s,0 p/s,3.87 p/s,0 p/s,0 p/s,0 p/s
2026-06-04 17:47:30,0 p/s,0 p/s,0 p/s,0 p/s,0 p/s,3.81 p/s,0 p/s,0 p/s,0 p/s
2026-06-04 17:48:00,0 p/s,0 p/s,0 p/s,0 p/s,0 p/s,3.92 p/s,0 p/s,0 p/s,0 p/s
2026-06-04 17:48:30,0 p/s,0 p/s,0 p/s,0 p/s,0 p/s,3.93 p/s,0 p/s,0 p/s,0 p/s
2026-06-04 17:49:00,0 p/s,0 p/s,0 p/s,0 p/s,0 p/s,3.94 p/s,0 p/s,0 p/s,0 p/s
2026-06-04 17:49:30,0 p/s,0 p/s,0 p/s,0 p/s,0 p/s,3.90 p/s,0 p/s,0 p/s,0 p/s
2026-06-04 17:50:00,0 p/s,0 p/s,0 p/s,0 p/s,0 p/s,3.77 p/s,0 p/s,0 p/s,0 p/s
2026-06-04 17:50:30,0 p/s,0 p/s,0 p/s,0 p/s,0 p/s,3.69 p/s,0 p/s,0 p/s,0 p/s
2026-06-04 17:51:00,0 p/s,0 p/s,0 p/s,0 p/s,0 p/s,3.64 p/s,0 p/s,0 p/s,0 p/s
2026-06-04 17:51:30,0 p/s,0 p/s,0 p/s,0 p/s,0 p/s,3.72 p/s,0 p/s,0 p/s,0 p/s
2026-06-04 17:52:00,0 p/s,0 p/s,0 p/s,0 p/s,0 p/s,3.80 p/s,0 p/s,0 p/s,0 p/s
2026-06-04 17:52:30,0 p/s,0 p/s,30.0 mp/s,556 mp/s,0 p/s,3.97 p/s,0 p/s,289 mp/s,140 mp/s
2026-06-04 17:53:00,0 p/s,0 p/s,110 mp/s,1.11 p/s,20.0 mp/s,4.31 p/s,0 p/s,560 mp/s,300 mp/s
2026-06-04 17:53:30,0 p/s,0 p/s,190 mp/s,1.57 p/s,40.0 mp/s,4.49 p/s,0 p/s,760 mp/s,480 mp/s
2026-06-04 17:54:00,0 p/s,0 p/s,233 mp/s,1.47 p/s,40.0 mp/s,4.81 p/s,0 p/s,733 mp/s,589 mp/s
2026-06-04 17:54:30,0 p/s,0 p/s,167 mp/s,1.36 p/s,22.2 mp/s,4.69 p/s,0 p/s,678 mp/s,567 mp/s
2026-06-04 17:55:00,0 p/s,0 p/s,111 mp/s,1.30 p/s,11.1 mp/s,4.51 p/s,0 p/s,722 mp/s,500 mp/s
2026-06-04 17:55:30,0 p/s,0 p/s,111 mp/s,1.14 p/s,11.1 mp/s,4.22 p/s,0 p/s,778 mp/s,400 mp/s
2026-06-04 17:56:00,0 p/s,0 p/s,144 mp/s,1.16 p/s,22.2 mp/s,4.20 p/s,0 p/s,711 mp/s,444 mp/s
2026-06-04 17:56:30,0 p/s,0 p/s,156 mp/s,1.09 p/s,11.1 mp/s,4.22 p/s,0 p/s,700 mp/s,433 mp/s
2026-06-04 17:57:00,0 p/s,0 p/s,156 mp/s,1.20 p/s,11.1 mp/s,4.01 p/s,0 p/s,556 mp/s,500 mp/s
2026-06-04 17:57:30,0 p/s,0 p/s,144 mp/s,1.18 p/s,0 p/s,3.93 p/s,0 p/s,622 mp/s,467 mp/s
2026-06-04 17:58:00,0 p/s,0 p/s,189 mp/s,1.04 p/s,11.1 mp/s,3.89 p/s,0 p/s,589 mp/s,444 mp/s
2026-06-04 17:58:30,0 p/s,0 p/s,200 mp/s,1.02 p/s,22.2 mp/s,3.98 p/s,0 p/s,633 mp/s,456 mp/s
2026-06-04 17:59:00,0 p/s,0 p/s,178 mp/s,822 mp/s,22.2 mp/s,3.80 p/s,0 p/s,678 mp/s,344 mp/s
2026-06-04 17:59:30,0 p/s,0 p/s,122 mp/s,889 mp/s,22.2 mp/s,3.66 p/s,0 p/s,600 mp/s,311 mp/s
2026-06-04 18:00:00,0 p/s,0 p/s,156 mp/s,833 mp/s,11.1 mp/s,3.54 p/s,0 p/s,567 mp/s,289 mp/s
2026-06-04 18:00:30,0 p/s,0 p/s,244 mp/s,945 mp/s,33.3 mp/s,3.43 p/s,0 p/s,433 mp/s,433 mp/s
2026-06-04 18:01:00,0 p/s,0 p/s,256 mp/s,767 mp/s,22.2 mp/s,3.26 p/s,0 p/s,300 mp/s,411 mp/s
2026-06-04 18:01:30,0 p/s,0 p/s,189 mp/s,645 mp/s,22.2 mp/s,2.93 p/s,0 p/s,222 mp/s,344 mp/s
2026-06-04 18:02:00,0 p/s,0 p/s,111 mp/s,511 mp/s,0 p/s,2.99 p/s,0 p/s,156 mp/s,233 mp/s
2026-06-04 18:02:30,0 p/s,0 p/s,189 mp/s,644 mp/s,0 p/s,3.04 p/s,0 p/s,200 mp/s,333 mp/s
2026-06-04 18:03:00,0 p/s,0 p/s,211 mp/s,600 mp/s,0 p/s,3.22 p/s,0 p/s,167 mp/s,322 mp/s
2026-06-04 18:03:30,0 p/s,0 p/s,256 mp/s,567 mp/s,22.2 mp/s,3.03 p/s,0 p/s,156 mp/s,344 mp/s
2026-06-04 18:04:00,0 p/s,0 p/s,156 mp/s,478 mp/s,33.3 mp/s,2.93 p/s,0 p/s,133 mp/s,233 mp/s
2026-06-04 18:04:30,0 p/s,0 p/s,200 mp/s,489 mp/s,33.3 mp/s,2.78 p/s,0 p/s,200 mp/s,267 mp/s
2026-06-04 18:05:00,0 p/s,0 p/s,144 mp/s,467 mp/s,33.3 mp/s,2.87 p/s,0 p/s,267 mp/s,189 mp/s
2026-06-04 18:05:30,0 p/s,0 p/s,144 mp/s,533 mp/s,33.3 mp/s,3.04 p/s,0 p/s,322 mp/s,211 mp/s
2026-06-04 18:06:00,0 p/s,0 p/s,111 mp/s,700 mp/s,55.6 mp/s,3.30 p/s,0 p/s,422 mp/s,222 mp/s
2026-06-04 18:06:30,0 p/s,0 p/s,100 mp/s,900 mp/s,33.3 mp/s,3.56 p/s,0 p/s,644 mp/s,278 mp/s
2026-06-04 18:07:00,0 p/s,0 p/s,122 mp/s,911 mp/s,55.6 mp/s,3.58 p/s,0 p/s,767 mp/s,344 mp/s
2026-06-04 18:07:30,0 p/s,0 p/s,111 mp/s,745 mp/s,33.3 mp/s,3.43 p/s,0 p/s,667 mp/s,289 mp/s
2026-06-04 18:08:00,0 p/s,0 p/s,144 mp/s,678 mp/s,33.3 mp/s,3.24 p/s,0 p/s,522 mp/s,389 mp/s
2026-06-04 18:08:30,0 p/s,0 p/s,122 mp/s,644 mp/s,11.1 mp/s,3.23 p/s,0 p/s,367 mp/s,333 mp/s
2026-06-04 18:09:00,0 p/s,0 p/s,144 mp/s,733 mp/s,44.4 mp/s,3.37 p/s,0 p/s,344 mp/s,422 mp/s
2026-06-04 18:09:30,0 p/s,0 p/s,144 mp/s,689 mp/s,44.4 mp/s,3.29 p/s,0 p/s,244 mp/s,333 mp/s
2026-06-04 18:10:00,0 p/s,0 p/s,133 mp/s,778 mp/s,33.3 mp/s,3.24 p/s,0 p/s,267 mp/s,389 mp/s
2026-06-04 18:10:30,0 p/s,0 p/s,144 mp/s,745 mp/s,11.1 mp/s,3.12 p/s,0 p/s,267 mp/s,356 mp/s
2026-06-04 18:11:00,0 p/s,0 p/s,233 mp/s,800 mp/s,11.1 mp/s,3.11 p/s,0 p/s,244 mp/s,433 mp/s
2026-06-04 18:11:30,0 p/s,0 p/s,289 mp/s,956 mp/s,33.3 mp/s,3.11 p/s,0 p/s,278 mp/s,578 mp/s
2026-06-04 18:12:00,0 p/s,0 p/s,244 mp/s,922 mp/s,33.3 mp/s,3.21 p/s,0 p/s,322 mp/s,511 mp/s
2026-06-04 18:12:30,0 p/s,0 p/s,156 mp/s,911 mp/s,33.3 mp/s,3.56 p/s,0 p/s,467 mp/s,433 mp/s
2026-06-04 18:13:00,0 p/s,0 p/s,88.9 mp/s,700 mp/s,11.1 mp/s,3.67 p/s,0 p/s,489 mp/s,244 mp/s
2026-06-04 18:13:30,0 p/s,0 p/s,55.6 mp/s,756 mp/s,0 p/s,3.70 p/s,0 p/s,500 mp/s,300 mp/s
2026-06-04 18:14:00,0 p/s,0 p/s,22.2 mp/s,567 mp/s,11.1 mp/s,3.41 p/s,0 p/s,344 mp/s,244 mp/s
2026-06-04 18:14:30,0 p/s,0 p/s,22.2 mp/s,422 mp/s,11.1 mp/s,3.28 p/s,0 p/s,300 mp/s,178 mp/s
2026-06-04 18:15:00,0 p/s,0 p/s,22.2 mp/s,322 mp/s,11.1 mp/s,3.08 p/s,0 p/s,256 mp/s,77.8 mp/s
2026-06-04 18:15:30,0 p/s,0 p/s,11.1 mp/s,344 mp/s,0 p/s,3.12 p/s,0 p/s,256 mp/s,44.5 mp/s
2026-06-04 18:16:00,0 p/s,0 p/s,11.1 mp/s,356 mp/s,0 p/s,3.09 p/s,0 p/s,211 mp/s,55.6 mp/s
2026-06-04 18:16:30,0 p/s,0 p/s,0 p/s,244 mp/s,0 p/s,3.13 p/s,0 p/s,133 mp/s,33.3 mp/s
2026-06-04 18:17:00,0 p/s,0 p/s,0 p/s,200 mp/s,0 p/s,3.09 p/s,0 p/s,122 mp/s,44.4 mp/s
2026-06-04 18:17:30,0 p/s,0 p/s,0 p/s,256 mp/s,0 p/s,3.09 p/s,0 p/s,88.9 mp/s,55.6 mp/s
2026-06-04 18:18:00,0 p/s,0 p/s,44.4 mp/s,344 mp/s,11.1 mp/s,3.08 p/s,0 p/s,156 mp/s,122 mp/s
2026-06-04 18:18:30,0 p/s,0 p/s,77.8 mp/s,433 mp/s,11.1 mp/s,3.12 p/s,0 p/s,222 mp/s,167 mp/s
2026-06-04 18:19:00,0 p/s,0 p/s,133 mp/s,578 mp/s,11.1 mp/s,3.23 p/s,0 p/s,344 mp/s,233 mp/s
2026-06-04 18:19:30,0 p/s,0 p/s,122 mp/s,767 mp/s,11.1 mp/s,3.36 p/s,0 p/s,389 mp/s,333 mp/s
2026-06-04 18:20:00,0 p/s,0 p/s,122 mp/s,800 mp/s,22.2 mp/s,3.33 p/s,0 p/s,367 mp/s,344 mp/s
2026-06-04 18:20:30,0 p/s,0 p/s,88.9 mp/s,700 mp/s,22.2 mp/s,3.23 p/s,0 p/s,322 mp/s,311 mp/s
2026-06-04 18:21:00,0 p/s,0 p/s,200 mp/s,644 mp/s,22.2 mp/s,3.18 p/s,0 p/s,311 mp/s,300 mp/s
2026-06-04 18:21:30,0 p/s,0 p/s,178 mp/s,467 mp/s,11.1 mp/s,3.06 p/s,0 p/s,244 mp/s,233 mp/s
2026-06-04 18:22:00,0 p/s,0 p/s,167 mp/s,344 mp/s,11.1 mp/s,3.03 p/s,0 p/s,244 mp/s,189 mp/s
2026-06-04 18:22:30,0 p/s,0 p/s,22.2 mp/s,88.9 mp/s,0 p/s,2.93 p/s,0 p/s,122 mp/s,33.3 mp/s
2026-06-04 18:23:00,0 p/s,0 p/s,11.1 mp/s,66.7 mp/s,0 p/s,2.90 p/s,0 p/s,88.9 mp/s,22.2 mp/s
2026-06-04 18:23:30,0 p/s,0 p/s,0 p/s,11.1 mp/s,0 p/s,2.84 p/s,0 p/s,0 p/s,0 p/s
2026-06-04 18:24:00,0 p/s,0 p/s,0 p/s,0 p/s,0 p/s,2.88 p/s,0 p/s,0 p/s,0 p/s
2026-06-04 18:24:30,0 p/s,0 p/s,0 p/s,111 mp/s,0 p/s,2.94 p/s,0 p/s,11.1 mp/s,33.3 mp/s
2026-06-04 18:25:00,0 p/s,0 p/s,11.1 mp/s,167 mp/s,0 p/s,3.14 p/s,0 p/s,44.4 mp/s,44.4 mp/s
2026-06-04 18:25:30,0 p/s,0 p/s,11.1 mp/s,189 mp/s,0 p/s,3.32 p/s,0 p/s,66.7 mp/s,44.4 mp/s
2026-06-04 18:26:00,0 p/s,0 p/s,22.2 mp/s,211 mp/s,0 p/s,3.49 p/s,0 p/s,133 mp/s,77.8 mp/s
2026-06-04 18:26:30,0 p/s,0 p/s,33.3 mp/s,278 mp/s,11.1 mp/s,3.59 p/s,0 p/s,178 mp/s,122 mp/s
2026-06-04 18:27:00,0 p/s,0 p/s,66.7 mp/s,478 mp/s,22.2 mp/s,3.72 p/s,0 p/s,289 mp/s,222 mp/s
2026-06-04 18:27:30,0 p/s,0 p/s,122 mp/s,533 mp/s,33.3 mp/s,3.86 p/s,0 p/s,311 mp/s,244 mp/s
2026-06-04 18:28:00,0 p/s,0 p/s,100 mp/s,411 mp/s,22.2 mp/s,3.89 p/s,0 p/s,244 mp/s,189 mp/s
2026-06-04 18:28:30,0 p/s,0 p/s,66.7 mp/s,189 mp/s,11.1 mp/s,3.78 p/s,0 p/s,111 mp/s,88.9 mp/s
2026-06-04 18:29:00,0 p/s,0 p/s,0 p/s,0 p/s,0 p/s,3.74 p/s,0 p/s,11.1 mp/s,0 p/s
2026-06-04 18:29:30,0 p/s,0 p/s,0 p/s,0 p/s,0 p/s,3.70 p/s,0 p/s,0 p/s,0 p/s
2026-06-04 18:30:00,0 p/s,0 p/s,0 p/s,0 p/s,0 p/s,3.63 p/s,0 p/s,0 p/s,0 p/s
2026-06-04 18:30:30,0 p/s,0 p/s,0 p/s,0 p/s,0 p/s,3.72 p/s,0 p/s,0 p/s,0 p/s
2026-06-04 18:31:00,0 p/s,0 p/s,11.1 mp/s,11.1 mp/s,0 p/s,3.81 p/s,0 p/s,0 p/s,11.1 mp/s
2026-06-04 18:31:30,0 p/s,0 p/s,11.1 mp/s,33.3 mp/s,0 p/s,4.00 p/s,0 p/s,22.2 mp/s,11.1 mp/s
2026-06-04 18:32:00,0 p/s,0 p/s,11.1 mp/s,66.7 mp/s,0 p/s,3.99 p/s,0 p/s,66.7 mp/s,11.1 mp/s
2026-06-04 18:32:30,0 p/s,0 p/s,0 p/s,111 mp/s,0 p/s,3.88 p/s,0 p/s,111 mp/s,0 p/s
2026-06-04 18:33:00,0 p/s,0 p/s,11.1 mp/s,133 mp/s,0 p/s,3.78 p/s,0 p/s,122 mp/s,11.1 mp/s
2026-06-04 18:33:30,0 p/s,0 p/s,11.1 mp/s,100 mp/s,0 p/s,3.68 p/s,0 p/s,77.8 mp/s,11.1 mp/s
2026-06-04 18:34:00,0 p/s,0 p/s,11.1 mp/s,44.4 mp/s,0 p/s,3.73 p/s,0 p/s,33.3 mp/s,11.1 mp/s
2026-06-04 18:34:30,0 p/s,0 p/s,0 p/s,0 p/s,0 p/s,3.74 p/s,0 p/s,0 p/s,0 p/s
2026-06-04 18:35:00,0 p/s,0 p/s,0 p/s,0 p/s,0 p/s,3.83 p/s,0 p/s,0 p/s,0 p/s
2026-06-04 18:35:30,0 p/s,0 p/s,0 p/s,11.1 mp/s,0 p/s,3.83 p/s,0 p/s,0 p/s,0 p/s
2026-06-04 18:36:00,0 p/s,0 p/s,0 p/s,11.1 mp/s,0 p/s,3.82 p/s,0 p/s,0 p/s,0 p/s
2026-06-04 18:36:30,0 p/s,0 p/s,0 p/s,11.1 mp/s,0 p/s,3.80 p/s,0 p/s,0 p/s,0 p/s
2026-06-04 18:37:00,0 p/s,0 p/s,0 p/s,0 p/s,0 p/s,3.82 p/s,0 p/s,0 p/s,0 p/s
2026-06-04 18:37:30,0 p/s,0 p/s,0 p/s,0 p/s,0 p/s,3.77 p/s,0 p/s,0 p/s,0 p/s
2026-06-04 18:38:00,0 p/s,0 p/s,0 p/s,0 p/s,0 p/s,3.68 p/s,0 p/s,0 p/s,0 p/s
2026-06-04 18:38:30,0 p/s,0 p/s,0 p/s,0 p/s,0 p/s,3.66 p/s,0 p/s,0 p/s,0 p/s
2026-06-04 18:39:00,0 p/s,0 p/s,0 p/s,0 p/s,0 p/s,3.78 p/s,0 p/s,0 p/s,0 p/s
2026-06-04 18:39:30,0 p/s,0 p/s,0 p/s,0 p/s,0 p/s,3.89 p/s,0 p/s,0 p/s,0 p/s
2026-06-04 18:40:00,0 p/s,0 p/s,0 p/s,0 p/s,0 p/s,3.94 p/s,0 p/s,0 p/s,0 p/s
2026-06-04 18:40:30,0 p/s,0 p/s,0 p/s,0 p/s,0 p/s,3.91 p/s,0 p/s,0 p/s,0 p/s
2026-06-04 18:41:00,0 p/s,0 p/s,0 p/s,0 p/s,0 p/s,3.83 p/s,0 p/s,0 p/s,0 p/s
2026-06-04 18:41:30,0 p/s,0 p/s,0 p/s,0 p/s,0 p/s,3.77 p/s,0 p/s,0 p/s,0 p/s
2026-06-04 18:42:00,0 p/s,0 p/s,0 p/s,0 p/s,0 p/s,3.80 p/s,0 p/s,0 p/s,0 p/s
2026-06-04 18:42:30,0 p/s,0 p/s,0 p/s,0 p/s,0 p/s,3.83 p/s,0 p/s,0 p/s,0 p/s
2026-06-04 18:43:00,0 p/s,0 p/s,0 p/s,0 p/s,0 p/s,3.84 p/s,0 p/s,0 p/s,0 p/s
2026-06-04 18:43:30,0 p/s,0 p/s,0 p/s,0 p/s,0 p/s,3.78 p/s,0 p/s,0 p/s,0 p/s
2026-06-04 18:44:00,0 p/s,0 p/s,0 p/s,11.1 mp/s,0 p/s,3.70 p/s,0 p/s,0 p/s,0 p/s
2026-06-04 18:44:30,0 p/s,0 p/s,0 p/s,11.1 mp/s,0 p/s,3.70 p/s,0 p/s,0 p/s,0 p/s
2026-06-04 18:45:00,0 p/s,0 p/s,0 p/s,11.1 mp/s,0 p/s,3.76 p/s,0 p/s,0 p/s,0 p/s
2026-06-04 18:45:30,0 p/s,0 p/s,0 p/s,0 p/s,0 p/s,3.84 p/s,0 p/s,0 p/s,0 p/s
2026-06-04 18:46:00,0 p/s,0 p/s,0 p/s,0 p/s,0 p/s,3.90 p/s,0 p/s,0 p/s,0 p/s
2026-06-04 18:46:30,0 p/s,0 p/s,0 p/s,0 p/s,0 p/s,3.89 p/s,0 p/s,0 p/s,0 p/s
2026-06-04 18:47:00,0 p/s,0 p/s,0 p/s,0 p/s,0 p/s,3.82 p/s,0 p/s,0 p/s,0 p/s
2026-06-04 18:47:30,0 p/s,0 p/s,0 p/s,0 p/s,0 p/s,3.88 p/s,0 p/s,0 p/s,0 p/s
2026-06-04 18:48:00,0 p/s,0 p/s,0 p/s,0 p/s,0 p/s,3.84 p/s,0 p/s,0 p/s,0 p/s
2026-06-04 18:48:30,0 p/s,0 p/s,0 p/s,11.1 mp/s,0 p/s,3.90 p/s,0 p/s,0 p/s,0 p/s
2026-06-04 18:49:00,0 p/s,0 p/s,0 p/s,11.1 mp/s,0 p/s,3.80 p/s,0 p/s,0 p/s,0 p/s
2026-06-04 18:49:30,0 p/s,0 p/s,0 p/s,11.1 mp/s,0 p/s,3.92 p/s,0 p/s,0 p/s,0 p/s
2026-06-04 18:50:00,0 p/s,0 p/s,0 p/s,0 p/s,0 p/s,3.86 p/s,0 p/s,11.1 mp/s,0 p/s
2026-06-04 18:50:30,0 p/s,0 p/s,0 p/s,0 p/s,0 p/s,3.77 p/s,0 p/s,11.1 mp/s,0 p/s
2026-06-04 18:51:00,0 p/s,0 p/s,0 p/s,0 p/s,0 p/s,3.72 p/s,0 p/s,11.1 mp/s,0 p/s
2026-06-04 18:51:30,0 p/s,0 p/s,0 p/s,0 p/s,0 p/s,3.76 p/s,0 p/s,0 p/s,0 p/s
2026-06-04 18:52:00,0 p/s,0 p/s,0 p/s,0 p/s,0 p/s,3.81 p/s,0 p/s,0 p/s,0 p/s
2026-06-04 18:52:30,0 p/s,0 p/s,0 p/s,0 p/s,0 p/s,3.90 p/s,0 p/s,0 p/s,0 p/s
2026-06-04 18:53:00,0 p/s,0 p/s,0 p/s,0 p/s,0 p/s,3.87 p/s,0 p/s,0 p/s,0 p/s
2026-06-04 18:53:30,0 p/s,0 p/s,0 p/s,0 p/s,0 p/s,3.91 p/s,0 p/s,0 p/s,0 p/s
2026-06-04 18:54:00,0 p/s,0 p/s,0 p/s,0 p/s,0 p/s,3.86 p/s,0 p/s,0 p/s,0 p/s
2026-06-04 18:54:30,0 p/s,0 p/s,0 p/s,0 p/s,0 p/s,3.89 p/s,0 p/s,0 p/s,0 p/s
2026-06-04 18:55:00,0 p/s,0 p/s,0 p/s,0 p/s,0 p/s,3.87 p/s,0 p/s,0 p/s,0 p/s
2026-06-04 18:55:30,0 p/s,0 p/s,0 p/s,0 p/s,0 p/s,3.76 p/s,0 p/s,0 p/s,0 p/s
2026-06-04 18:56:00,0 p/s,0 p/s,0 p/s,0 p/s,0 p/s,3.69 p/s,0 p/s,0 p/s,0 p/s
2026-06-04 18:56:30,0 p/s,0 p/s,0 p/s,0 p/s,0 p/s,3.71 p/s,0 p/s,0 p/s,0 p/s
2026-06-04 18:57:00,0 p/s,0 p/s,0 p/s,0 p/s,0 p/s,3.80 p/s,0 p/s,0 p/s,0 p/s
2026-06-04 18:57:30,0 p/s,0 p/s,0 p/s,0 p/s,0 p/s,3.88 p/s,0 p/s,0 p/s,0 p/s
2026-06-04 18:58:00,0 p/s,0 p/s,0 p/s,0 p/s,0 p/s,3.93 p/s,0 p/s,0 p/s,0 p/s
2026-06-04 18:58:30,0 p/s,0 p/s,0 p/s,0 p/s,0 p/s,3.83 p/s,0 p/s,0 p/s,0 p/s
2026-06-04 18:59:00,0 p/s,0 p/s,0 p/s,0 p/s,0 p/s,3.86 p/s,0 p/s,0 p/s,0 p/s
2026-06-04 18:59:30,0 p/s,0 p/s,0 p/s,0 p/s,0 p/s,3.80 p/s,0 p/s,0 p/s,0 p/s
2026-06-04 19:00:00,0 p/s,0 p/s,0 p/s,0 p/s,0 p/s,3.82 p/s,0 p/s,0 p/s,0 p/s
2026-06-04 19:00:30,0 p/s,0 p/s,0 p/s,0 p/s,0 p/s,3.78 p/s,0 p/s,0 p/s,0 p/s
2026-06-04 19:01:00,0 p/s,0 p/s,0 p/s,0 p/s,0 p/s,3.73 p/s,0 p/s,0 p/s,0 p/s
2026-06-04 19:01:30,0 p/s,0 p/s,0 p/s,0 p/s,0 p/s,3.80 p/s,0 p/s,0 p/s,0 p/s
2026-06-04 19:02:00,0 p/s,0 p/s,0 p/s,0 p/s,0 p/s,3.79 p/s,0 p/s,0 p/s,0 p/s
2026-06-04 19:02:30,0 p/s,0 p/s,0 p/s,0 p/s,0 p/s,3.78 p/s,0 p/s,0 p/s,0 p/s
2026-06-04 19:03:00,0 p/s,0 p/s,0 p/s,0 p/s,0 p/s,3.73 p/s,0 p/s,0 p/s,0 p/s
2026-06-04 19:03:30,0 p/s,0 p/s,0 p/s,0 p/s,0 p/s,3.83 p/s,0 p/s,0 p/s,0 p/s
2026-06-04 19:04:00,0 p/s,0 p/s,0 p/s,0 p/s,0 p/s,3.88 p/s,0 p/s,0 p/s,0 p/s
2026-06-04 19:04:30,0 p/s,0 p/s,0 p/s,0 p/s,0 p/s,3.80 p/s,0 p/s,0 p/s,0 p/s
2026-06-04 19:05:00,0 p/s,0 p/s,0 p/s,0 p/s,0 p/s,3.78 p/s,0 p/s,0 p/s,0 p/s
2026-06-04 19:05:30,0 p/s,0 p/s,0 p/s,11.1 mp/s,0 p/s,3.76 p/s,0 p/s,0 p/s,0 p/s
2026-06-04 19:06:00,0 p/s,0 p/s,0 p/s,11.1 mp/s,0 p/s,3.77 p/s,0 p/s,0 p/s,0 p/s
2026-06-04 19:06:30,0 p/s,0 p/s,0 p/s,11.1 mp/s,0 p/s,3.67 p/s,0 p/s,0 p/s,0 p/s
2026-06-04 19:07:00,0 p/s,0 p/s,0 p/s,11.1 mp/s,0 p/s,3.68 p/s,0 p/s,0 p/s,0 p/s
2026-06-04 19:07:30,0 p/s,0 p/s,0 p/s,11.1 mp/s,0 p/s,3.79 p/s,0 p/s,0 p/s,0 p/s
2026-06-04 19:08:00,0 p/s,0 p/s,0 p/s,11.1 mp/s,0 p/s,3.81 p/s,0 p/s,0 p/s,0 p/s
2026-06-04 19:08:30,0 p/s,0 p/s,0 p/s,0 p/s,0 p/s,3.74 p/s,0 p/s,0 p/s,0 p/s
2026-06-04 19:09:00,0 p/s,0 p/s,0 p/s,0 p/s,0 p/s,3.66 p/s,0 p/s,0 p/s,0 p/s
2026-06-04 19:09:30,0 p/s,0 p/s,0 p/s,0 p/s,0 p/s,3.71 p/s,0 p/s,0 p/s,0 p/s
2026-06-04 19:10:00,0 p/s,0 p/s,0 p/s,0 p/s,0 p/s,3.74 p/s,0 p/s,0 p/s,0 p/s
2026-06-04 19:10:30,0 p/s,0 p/s,0 p/s,0 p/s,0 p/s,3.70 p/s,0 p/s,0 p/s,0 p/s
2026-06-04 19:11:00,0 p/s,0 p/s,0 p/s,0 p/s,0 p/s,3.64 p/s,0 p/s,0 p/s,0 p/s
2026-06-04 19:11:30,0 p/s,0 p/s,0 p/s,11.1 mp/s,0 p/s,3.70 p/s,0 p/s,0 p/s,0 p/s
2026-06-04 19:12:00,0 p/s,0 p/s,0 p/s,11.1 mp/s,0 p/s,3.72 p/s,0 p/s,0 p/s,0 p/s
2026-06-04 19:12:30,0 p/s,0 p/s,0 p/s,11.1 mp/s,0 p/s,3.82 p/s,0 p/s,0 p/s,0 p/s
2026-06-04 19:13:00,0 p/s,0 p/s,0 p/s,0 p/s,0 p/s,3.84 p/s,0 p/s,0 p/s,0 p/s
2026-06-04 19:13:30,0 p/s,0 p/s,0 p/s,0 p/s,0 p/s,3.88 p/s,0 p/s,0 p/s,0 p/s
2026-06-04 19:14:00,0 p/s,0 p/s,0 p/s,0 p/s,0 p/s,3.86 p/s,0 p/s,0 p/s,0 p/s
2026-06-04 19:14:30,0 p/s,0 p/s,0 p/s,0 p/s,0 p/s,3.88 p/s,0 p/s,0 p/s,0 p/s
2026-06-04 19:15:00,0 p/s,0 p/s,0 p/s,0 p/s,0 p/s,3.89 p/s,0 p/s,0 p/s,0 p/s
2026-06-04 19:15:30,0 p/s,0 p/s,0 p/s,0 p/s,0 p/s,3.72 p/s,0 p/s,0 p/s,0 p/s
2026-06-04 19:16:00,0 p/s,0 p/s,0 p/s,0 p/s,0 p/s,3.66 p/s,0 p/s,0 p/s,0 p/s
2026-06-04 19:16:30,0 p/s,0 p/s,0 p/s,0 p/s,0 p/s,3.72 p/s,0 p/s,0 p/s,0 p/s
2026-06-04 19:17:00,0 p/s,0 p/s,0 p/s,0 p/s,0 p/s,3.81 p/s,0 p/s,0 p/s,0 p/s
2026-06-04 19:17:30,0 p/s,0 p/s,0 p/s,0 p/s,0 p/s,3.77 p/s,0 p/s,0 p/s,0 p/s
2026-06-04 19:18:00,0 p/s,0 p/s,0 p/s,0 p/s,0 p/s,3.62 p/s,0 p/s,0 p/s,0 p/s
2026-06-04 19:18:30,0 p/s,0 p/s,0 p/s,0 p/s,0 p/s,3.68 p/s,0 p/s,0 p/s,0 p/s
2026-06-04 19:19:00,0 p/s,0 p/s,0 p/s,0 p/s,0 p/s,3.72 p/s,0 p/s,0 p/s,0 p/s
2026-06-04 19:19:30,0 p/s,0 p/s,0 p/s,0 p/s,0 p/s,3.77 p/s,0 p/s,0 p/s,0 p/s
2026-06-04 19:20:00,0 p/s,0 p/s,0 p/s,0 p/s,0 p/s,3.73 p/s,0 p/s,0 p/s,0 p/s
2026-06-04 19:20:30,0 p/s,0 p/s,0 p/s,0 p/s,0 p/s,3.73 p/s,0 p/s,0 p/s,0 p/s
2026-06-04 19:21:00,0 p/s,0 p/s,0 p/s,0 p/s,0 p/s,3.79 p/s,0 p/s,0 p/s,0 p/s
2026-06-04 19:21:30,0 p/s,0 p/s,0 p/s,0 p/s,0 p/s,3.79 p/s,0 p/s,0 p/s,0 p/s
2026-06-04 19:22:00,0 p/s,0 p/s,0 p/s,0 p/s,0 p/s,3.88 p/s,0 p/s,0 p/s,0 p/s
2026-06-04 19:22:30,0 p/s,0 p/s,0 p/s,0 p/s,0 p/s,3.84 p/s,0 p/s,0 p/s,0 p/s
2026-06-04 19:23:00,0 p/s,0 p/s,0 p/s,22.2 mp/s,0 p/s,3.92 p/s,0 p/s,0 p/s,0 p/s
2026-06-04 19:23:30,0 p/s,0 p/s,0 p/s,22.2 mp/s,0 p/s,3.80 p/s,0 p/s,0 p/s,0 p/s
2026-06-04 19:24:00,0 p/s,0 p/s,0 p/s,22.2 mp/s,0 p/s,3.83 p/s,0 p/s,0 p/s,0 p/s
2026-06-04 19:24:30,0 p/s,0 p/s,0 p/s,0 p/s,0 p/s,3.80 p/s,0 p/s,0 p/s,0 p/s
2026-06-04 19:25:00,0 p/s,0 p/s,0 p/s,0 p/s,0 p/s,3.86 p/s,0 p/s,0 p/s,0 p/s
2026-06-04 19:25:30,0 p/s,0 p/s,0 p/s,0 p/s,0 p/s,3.81 p/s,0 p/s,0 p/s,0 p/s
2026-06-04 19:26:00,0 p/s,0 p/s,0 p/s,0 p/s,0 p/s,3.81 p/s,0 p/s,0 p/s,0 p/s
2026-06-04 19:26:30,0 p/s,0 p/s,0 p/s,0 p/s,0 p/s,3.73 p/s,0 p/s,0 p/s,0 p/s
2026-06-04 19:27:00,0 p/s,0 p/s,0 p/s,0 p/s,0 p/s,3.71 p/s,0 p/s,0 p/s,0 p/s
2026-06-04 19:27:30,0 p/s,0 p/s,0 p/s,0 p/s,0 p/s,3.68 p/s,0 p/s,0 p/s,0 p/s
2026-06-04 19:28:00,0 p/s,0 p/s,0 p/s,0 p/s,0 p/s,3.60 p/s,0 p/s,0 p/s,0 p/s
2026-06-04 19:28:30,0 p/s,0 p/s,0 p/s,0 p/s,0 p/s,3.62 p/s,0 p/s,0 p/s,0 p/s
2026-06-04 19:29:00,0 p/s,0 p/s,0 p/s,0 p/s,0 p/s,3.63 p/s,0 p/s,0 p/s,0 p/s
2026-06-04 19:29:30,0 p/s,0 p/s,0 p/s,11.1 mp/s,0 p/s,3.76 p/s,0 p/s,0 p/s,0 p/s
2026-06-04 19:30:00,0 p/s,0 p/s,0 p/s,11.1 mp/s,0 p/s,3.67 p/s,0 p/s,0 p/s,0 p/s
2026-06-04 19:30:30,0 p/s,0 p/s,0 p/s,11.1 mp/s,0 p/s,3.61 p/s,0 p/s,0 p/s,0 p/s
2026-06-04 19:31:00,0 p/s,0 p/s,0 p/s,0 p/s,0 p/s,3.57 p/s,0 p/s,0 p/s,0 p/s
2026-06-04 19:31:30,0 p/s,0 p/s,0 p/s,0 p/s,0 p/s,3.58 p/s,0 p/s,0 p/s,0 p/s
2026-06-04 19:32:00,0 p/s,0 p/s,0 p/s,11.1 mp/s,0 p/s,3.59 p/s,0 p/s,0 p/s,0 p/s
2026-06-04 19:32:30,0 p/s,0 p/s,0 p/s,11.1 mp/s,0 p/s,3.59 p/s,0 p/s,0 p/s,0 p/s
2026-06-04 19:33:00,0 p/s,0 p/s,0 p/s,11.1 mp/s,0 p/s,3.54 p/s,0 p/s,0 p/s,0 p/s
2026-06-04 19:33:30,0 p/s,0 p/s,0 p/s,0 p/s,0 p/s,3.47 p/s,0 p/s,0 p/s,0 p/s
2026-06-04 19:34:00,0 p/s,0 p/s,0 p/s,0 p/s,0 p/s,3.47 p/s,0 p/s,0 p/s,0 p/s
2026-06-04 19:34:30,0 p/s,0 p/s,0 p/s,0 p/s,0 p/s,3.52 p/s,0 p/s,0 p/s,0 p/s
2026-06-04 19:35:00,0 p/s,0 p/s,0 p/s,0 p/s,0 p/s,3.62 p/s,0 p/s,0 p/s,0 p/s
2026-06-04 19:35:30,0 p/s,0 p/s,0 p/s,0 p/s,0 p/s,3.67 p/s,0 p/s,0 p/s,0 p/s
2026-06-04 19:36:00,0 p/s,0 p/s,0 p/s,0 p/s,0 p/s,3.80 p/s,0 p/s,0 p/s,0 p/s
2026-06-04 19:36:30,0 p/s,0 p/s,0 p/s,0 p/s,0 p/s,3.79 p/s,0 p/s,0 p/s,0 p/s
2026-06-04 19:37:00,0 p/s,0 p/s,0 p/s,0 p/s,0 p/s,3.71 p/s,0 p/s,0 p/s,0 p/s
2026-06-04 19:37:30,0 p/s,0 p/s,0 p/s,0 p/s,0 p/s,3.69 p/s,0 p/s,0 p/s,0 p/s
2026-06-04 19:38:00,0 p/s,0 p/s,0 p/s,0 p/s,0 p/s,3.66 p/s,0 p/s,0 p/s,0 p/s
2026-06-04 19:38:30,0 p/s,0 p/s,0 p/s,0 p/s,0 p/s,3.72 p/s,0 p/s,0 p/s,0 p/s
2026-06-04 19:39:00,0 p/s,0 p/s,0 p/s,0 p/s,0 p/s,3.70 p/s,0 p/s,0 p/s,0 p/s
2026-06-04 19:39:30,0 p/s,0 p/s,0 p/s,0 p/s,0 p/s,3.80 p/s,0 p/s,0 p/s,0 p/s
2026-06-04 19:40:00,0 p/s,0 p/s,0 p/s,0 p/s,0 p/s,3.86 p/s,0 p/s,11.1 mp/s,0 p/s
2026-06-04 19:40:30,0 p/s,0 p/s,0 p/s,0 p/s,0 p/s,3.90 p/s,0 p/s,11.1 mp/s,0 p/s
2026-06-04 19:41:00,0 p/s,0 p/s,0 p/s,0 p/s,0 p/s,3.81 p/s,0 p/s,11.1 mp/s,0 p/s
2026-06-04 19:41:30,0 p/s,0 p/s,0 p/s,0 p/s,0 p/s,3.79 p/s,0 p/s,0 p/s,0 p/s
2026-06-04 19:42:00,0 p/s,0 p/s,0 p/s,0 p/s,0 p/s,3.69 p/s,0 p/s,0 p/s,0 p/s
2026-06-04 19:42:30,0 p/s,0 p/s,0 p/s,0 p/s,0 p/s,3.69 p/s,0 p/s,0 p/s,0 p/s
2026-06-04 19:43:00,0 p/s,0 p/s,0 p/s,0 p/s,0 p/s,3.63 p/s,0 p/s,0 p/s,0 p/s
2026-06-04 19:43:30,0 p/s,0 p/s,0 p/s,0 p/s,0 p/s,3.71 p/s,0 p/s,0 p/s,0 p/s
2026-06-04 19:44:00,0 p/s,0 p/s,0 p/s,0 p/s,0 p/s,3.66 p/s,0 p/s,0 p/s,0 p/s
2026-06-04 19:44:30,0 p/s,0 p/s,0 p/s,0 p/s,0 p/s,3.66 p/s,0 p/s,0 p/s,0 p/s
2026-06-04 19:45:00,0 p/s,0 p/s,0 p/s,0 p/s,0 p/s,3.61 p/s,0 p/s,0 p/s,0 p/s
2026-06-04 19:45:30,0 p/s,0 p/s,0 p/s,0 p/s,0 p/s,3.68 p/s,0 p/s,0 p/s,0 p/s
2026-06-04 19:46:00,0 p/s,0 p/s,0 p/s,0 p/s,0 p/s,3.78 p/s,0 p/s,0 p/s,0 p/s
2026-06-04 19:46:30,0 p/s,0 p/s,0 p/s,0 p/s,0 p/s,3.84 p/s,0 p/s,0 p/s,0 p/s
2026-06-04 19:47:00,0 p/s,0 p/s,0 p/s,0 p/s,0 p/s,3.81 p/s,0 p/s,0 p/s,0 p/s
2026-06-04 19:47:30,0 p/s,0 p/s,0 p/s,0 p/s,0 p/s,3.80 p/s,0 p/s,0 p/s,0 p/s
2026-06-04 19:48:00,0 p/s,0 p/s,0 p/s,0 p/s,0 p/s,3.73 p/s,0 p/s,0 p/s,0 p/s
2026-06-04 19:48:30,0 p/s,0 p/s,0 p/s,0 p/s,0 p/s,3.77 p/s,0 p/s,0 p/s,0 p/s
2026-06-04 19:49:00,0 p/s,0 p/s,0 p/s,0 p/s,0 p/s,3.73 p/s,0 p/s,0 p/s,0 p/s
2026-06-04 19:49:30,0 p/s,0 p/s,0 p/s,0 p/s,0 p/s,3.78 p/s,0 p/s,0 p/s,0 p/s
2026-06-04 19:50:00,0 p/s,0 p/s,0 p/s,0 p/s,0 p/s,3.87 p/s,0 p/s,0 p/s,0 p/s
2026-06-04 19:50:30,0 p/s,0 p/s,0 p/s,0 p/s,0 p/s,3.82 p/s,0 p/s,0 p/s,0 p/s
2026-06-04 19:51:00,0 p/s,0 p/s,0 p/s,0 p/s,0 p/s,3.76 p/s,0 p/s,0 p/s,0 p/s
2026-06-04 19:51:30,0 p/s,0 p/s,0 p/s,0 p/s,0 p/s,3.61 p/s,0 p/s,0 p/s,0 p/s
2026-06-04 19:52:00,0 p/s,0 p/s,0 p/s,0 p/s,0 p/s,3.61 p/s,0 p/s,0 p/s,0 p/s
2026-06-04 19:52:30,0 p/s,0 p/s,0 p/s,0 p/s,0 p/s,3.67 p/s,0 p/s,0 p/s,0 p/s
2026-06-04 19:53:00,0 p/s,0 p/s,0 p/s,0 p/s,0 p/s,3.70 p/s,0 p/s,0 p/s,0 p/s
2026-06-04 19:53:30,0 p/s,0 p/s,0 p/s,0 p/s,0 p/s,3.70 p/s,0 p/s,0 p/s,0 p/s
2026-06-04 19:54:00,0 p/s,0 p/s,0 p/s,0 p/s,0 p/s,3.68 p/s,0 p/s,0 p/s,0 p/s
2026-06-04 19:54:30,0 p/s,0 p/s,0 p/s,0 p/s,0 p/s,3.70 p/s,0 p/s,0 p/s,0 p/s
2026-06-04 19:55:00,0 p/s,0 p/s,0 p/s,0 p/s,0 p/s,3.70 p/s,0 p/s,0 p/s,0 p/s
2026-06-04 19:55:30,0 p/s,0 p/s,0 p/s,0 p/s,0 p/s,3.77 p/s,0 p/s,0 p/s,0 p/s
2026-06-04 19:56:00,0 p/s,0 p/s,0 p/s,300 mp/s,0 p/s,3.78 p/s,0 p/s,0 p/s,0 p/s
2026-06-04 19:56:30,0 p/s,0 p/s,0 p/s,533 mp/s,0 p/s,3.90 p/s,0 p/s,11.1 mp/s,0 p/s
2026-06-04 19:57:00,0 p/s,0 p/s,0 p/s,689 mp/s,0 p/s,4.14 p/s,0 p/s,11.1 mp/s,0 p/s
2026-06-04 19:57:30,0 p/s,0 p/s,0 p/s,478 mp/s,0 p/s,4.17 p/s,0 p/s,11.1 mp/s,0 p/s
2026-06-04 19:58:00,0 p/s,0 p/s,0 p/s,367 mp/s,0 p/s,4.18 p/s,0 p/s,0 p/s,0 p/s
2026-06-04 19:58:30,0 p/s,0 p/s,0 p/s,367 mp/s,0 p/s,3.93 p/s,0 p/s,0 p/s,0 p/s
2026-06-04 19:59:00,0 p/s,0 p/s,0 p/s,389 mp/s,0 p/s,3.97 p/s,0 p/s,0 p/s,0 p/s
2026-06-04 19:59:30,0 p/s,0 p/s,0 p/s,356 mp/s,0 p/s,3.98 p/s,0 p/s,0 p/s,0 p/s
2026-06-04 20:00:00,0 p/s,0 p/s,0 p/s,300 mp/s,0 p/s,3.92 p/s,0 p/s,0 p/s,0 p/s
2026-06-04 20:00:30,0 p/s,0 p/s,0 p/s,300 mp/s,0 p/s,3.91 p/s,0 p/s,0 p/s,0 p/s
2026-06-04 20:01:00,0 p/s,0 p/s,0 p/s,300 mp/s,0 p/s,3.90 p/s,0 p/s,0 p/s,0 p/s
2026-06-04 20:01:30,0 p/s,0 p/s,0 p/s,311 mp/s,0 p/s,3.98 p/s,0 p/s,0 p/s,0 p/s
2026-06-04 20:02:00,0 p/s,0 p/s,0 p/s,300 mp/s,0 p/s,4.09 p/s,0 p/s,0 p/s,0 p/s
2026-06-04 20:02:30,0 p/s,0 p/s,0 p/s,311 mp/s,0 p/s,4.06 p/s,0 p/s,0 p/s,0 p/s
2026-06-04 20:03:00,0 p/s,0 p/s,0 p/s,311 mp/s,0 p/s,3.97 p/s,0 p/s,0 p/s,0 p/s
2026-06-04 20:03:30,0 p/s,0 p/s,0 p/s,356 mp/s,0 p/s,3.89 p/s,0 p/s,0 p/s,0 p/s
2026-06-04 20:04:00,0 p/s,0 p/s,0 p/s,411 mp/s,0 p/s,3.87 p/s,0 p/s,0 p/s,0 p/s
2026-06-04 20:04:30,0 p/s,0 p/s,0 p/s,467 mp/s,0 p/s,3.97 p/s,0 p/s,0 p/s,0 p/s
2026-06-04 20:05:00,0 p/s,0 p/s,0 p/s,456 mp/s,0 p/s,3.89 p/s,0 p/s,0 p/s,0 p/s
2026-06-04 20:05:30,0 p/s,0 p/s,0 p/s,433 mp/s,0 p/s,3.87 p/s,0 p/s,0 p/s,0 p/s
2026-06-04 20:06:00,0 p/s,0 p/s,0 p/s,433 mp/s,0 p/s,3.80 p/s,0 p/s,0 p/s,0 p/s
2026-06-04 20:06:30,0 p/s,0 p/s,0 p/s,411 mp/s,0 p/s,3.90 p/s,0 p/s,0 p/s,0 p/s
2026-06-04 20:07:00,0 p/s,0 p/s,0 p/s,456 mp/s,0 p/s,3.90 p/s,0 p/s,0 p/s,0 p/s
2026-06-04 20:07:30,0 p/s,0 p/s,0 p/s,433 mp/s,0 p/s,3.87 p/s,0 p/s,0 p/s,0 p/s
2026-06-04 20:08:00,0 p/s,0 p/s,0 p/s,444 mp/s,0 p/s,3.84 p/s,0 p/s,0 p/s,0 p/s
2026-06-04 20:08:30,0 p/s,0 p/s,0 p/s,400 mp/s,0 p/s,3.84 p/s,0 p/s,0 p/s,0 p/s
2026-06-04 20:09:00,0 p/s,0 p/s,0 p/s,400 mp/s,0 p/s,3.90 p/s,0 p/s,0 p/s,0 p/s
2026-06-04 20:09:30,0 p/s,0 p/s,0 p/s,422 mp/s,0 p/s,3.88 p/s,0 p/s,0 p/s,0 p/s
2026-06-04 20:10:00,0 p/s,0 p/s,0 p/s,511 mp/s,0 p/s,3.82 p/s,0 p/s,0 p/s,0 p/s
2026-06-04 20:10:30,0 p/s,0 p/s,0 p/s,522 mp/s,0 p/s,3.80 p/s,0 p/s,0 p/s,0 p/s
2026-06-04 20:11:00,0 p/s,0 p/s,0 p/s,500 mp/s,0 p/s,3.77 p/s,0 p/s,0 p/s,0 p/s
2026-06-04 20:11:30,0 p/s,0 p/s,0 p/s,422 mp/s,0 p/s,3.94 p/s,0 p/s,0 p/s,0 p/s
2026-06-04 20:12:00,0 p/s,0 p/s,0 p/s,422 mp/s,0 p/s,3.92 p/s,0 p/s,0 p/s,0 p/s
2026-06-04 20:12:30,0 p/s,0 p/s,0 p/s,456 mp/s,0 p/s,3.91 p/s,0 p/s,0 p/s,0 p/s
2026-06-04 20:13:00,0 p/s,0 p/s,0 p/s,489 mp/s,0 p/s,3.88 p/s,0 p/s,0 p/s,0 p/s
2026-06-04 20:13:30,0 p/s,0 p/s,0 p/s,444 mp/s,0 p/s,3.98 p/s,0 p/s,0 p/s,0 p/s
2026-06-04 20:14:00,0 p/s,0 p/s,0 p/s,433 mp/s,0 p/s,4.09 p/s,0 p/s,0 p/s,0 p/s
2026-06-04 20:14:30,0 p/s,0 p/s,0 p/s,400 mp/s,0 p/s,4.08 p/s,0 p/s,0 p/s,0 p/s
2026-06-04 20:15:00,0 p/s,0 p/s,0 p/s,422 mp/s,0 p/s,4.03 p/s,0 p/s,0 p/s,0 p/s
2026-06-04 20:15:30,0 p/s,0 p/s,0 p/s,411 mp/s,0 p/s,3.94 p/s,0 p/s,0 p/s,0 p/s
2026-06-04 20:16:00,0 p/s,0 p/s,0 p/s,411 mp/s,0 p/s,3.81 p/s,0 p/s,0 p/s,0 p/s
2026-06-04 20:16:30,0 p/s,0 p/s,0 p/s,367 mp/s,0 p/s,3.72 p/s,0 p/s,0 p/s,0 p/s
2026-06-04 20:17:00,0 p/s,0 p/s,0 p/s,378 mp/s,0 p/s,3.82 p/s,0 p/s,0 p/s,0 p/s
2026-06-04 20:17:30,0 p/s,0 p/s,0 p/s,344 mp/s,0 p/s,3.83 p/s,0 p/s,0 p/s,0 p/s
2026-06-04 20:18:00,0 p/s,0 p/s,0 p/s,367 mp/s,0 p/s,3.83 p/s,0 p/s,0 p/s,0 p/s
2026-06-04 20:18:30,0 p/s,0 p/s,0 p/s,433 mp/s,0 p/s,3.76 p/s,0 p/s,0 p/s,0 p/s
2026-06-04 20:19:00,0 p/s,0 p/s,0 p/s,444 mp/s,0 p/s,3.79 p/s,0 p/s,0 p/s,0 p/s
2026-06-04 20:19:30,0 p/s,0 p/s,0 p/s,456 mp/s,0 p/s,4.00 p/s,0 p/s,0 p/s,0 p/s
2026-06-04 20:20:00,0 p/s,0 p/s,0 p/s,356 mp/s,0 p/s,4.01 p/s,0 p/s,0 p/s,0 p/s
2026-06-04 20:20:30,0 p/s,0 p/s,0 p/s,356 mp/s,0 p/s,4.01 p/s,0 p/s,0 p/s,0 p/s
2026-06-04 20:21:00,0 p/s,0 p/s,0 p/s,356 mp/s,0 p/s,3.93 p/s,0 p/s,0 p/s,0 p/s
2026-06-04 20:21:30,0 p/s,0 p/s,0 p/s,344 mp/s,0 p/s,3.84 p/s,0 p/s,0 p/s,0 p/s
2026-06-04 20:22:00,0 p/s,0 p/s,0 p/s,367 mp/s,0 p/s,3.93 p/s,0 p/s,0 p/s,0 p/s
2026-06-04 20:22:30,0 p/s,0 p/s,0 p/s,333 mp/s,0 p/s,3.98 p/s,0 p/s,0 p/s,0 p/s
2026-06-04 20:23:00,0 p/s,0 p/s,0 p/s,356 mp/s,0 p/s,4.13 p/s,0 p/s,0 p/s,0 p/s
2026-06-04 20:23:30,0 p/s,0 p/s,0 p/s,311 mp/s,0 p/s,4.04 p/s,0 p/s,0 p/s,0 p/s
2026-06-04 20:24:00,0 p/s,0 p/s,0 p/s,322 mp/s,0 p/s,3.93 p/s,0 p/s,0 p/s,0 p/s
2026-06-04 20:24:30,0 p/s,0 p/s,0 p/s,333 mp/s,0 p/s,3.87 p/s,0 p/s,0 p/s,0 p/s
2026-06-04 20:25:00,0 p/s,0 p/s,0 p/s,367 mp/s,0 p/s,3.98 p/s,0 p/s,0 p/s,0 p/s
2026-06-04 20:25:30,0 p/s,0 p/s,0 p/s,433 mp/s,0 p/s,3.99 p/s,0 p/s,0 p/s,0 p/s
2026-06-04 20:26:00,0 p/s,0 p/s,0 p/s,344 mp/s,0 p/s,3.91 p/s,0 p/s,0 p/s,0 p/s
2026-06-04 20:26:30,0 p/s,0 p/s,0 p/s,267 mp/s,0 p/s,3.78 p/s,0 p/s,0 p/s,0 p/s
2026-06-04 20:27:00,0 p/s,0 p/s,0 p/s,156 mp/s,0 p/s,3.78 p/s,0 p/s,0 p/s,0 p/s
2026-06-04 20:27:30,0 p/s,0 p/s,0 p/s,122 mp/s,0 p/s,3.82 p/s,0 p/s,0 p/s,0 p/s
2026-06-04 20:28:00,0 p/s,0 p/s,0 p/s,100 mp/s,0 p/s,3.84 p/s,0 p/s,0 p/s,0 p/s
2026-06-04 20:28:30,0 p/s,0 p/s,0 p/s,88.9 mp/s,0 p/s,3.83 p/s,0 p/s,0 p/s,0 p/s
2026-06-04 20:29:00,0 p/s,0 p/s,0 p/s,122 mp/s,0 p/s,3.78 p/s,0 p/s,0 p/s,0 p/s
2026-06-04 20:29:30,0 p/s,0 p/s,0 p/s,122 mp/s,0 p/s,3.72 p/s,0 p/s,0 p/s,0 p/s
2026-06-04 20:30:00,0 p/s,0 p/s,0 p/s,122 mp/s,0 p/s,3.60 p/s,0 p/s,0 p/s,0 p/s
2026-06-04 20:30:30,0 p/s,0 p/s,0 p/s,77.8 mp/s,0 p/s,3.77 p/s,0 p/s,0 p/s,0 p/s
2026-06-04 20:31:00,0 p/s,0 p/s,0 p/s,100 mp/s,0 p/s,3.83 p/s,0 p/s,0 p/s,0 p/s
2026-06-04 20:31:30,0 p/s,0 p/s,0 p/s,77.8 mp/s,0 p/s,3.93 p/s,0 p/s,0 p/s,0 p/s
2026-06-04 20:32:00,0 p/s,0 p/s,0 p/s,156 mp/s,0 p/s,3.79 p/s,0 p/s,0 p/s,0 p/s
2026-06-04 20:32:30,0 p/s,0 p/s,0 p/s,133 mp/s,0 p/s,3.76 p/s,0 p/s,0 p/s,0 p/s
2026-06-04 20:33:00,0 p/s,0 p/s,0 p/s,133 mp/s,0 p/s,3.88 p/s,0 p/s,0 p/s,0 p/s
2026-06-04 20:33:30,0 p/s,0 p/s,0 p/s,77.8 mp/s,0 p/s,3.88 p/s,0 p/s,0 p/s,0 p/s
2026-06-04 20:34:00,0 p/s,0 p/s,0 p/s,88.9 mp/s,0 p/s,3.87 p/s,0 p/s,0 p/s,0 p/s
2026-06-04 20:34:30,0 p/s,0 p/s,0 p/s,111 mp/s,0 p/s,3.83 p/s,0 p/s,0 p/s,0 p/s
2026-06-04 20:35:00,0 p/s,0 p/s,0 p/s,144 mp/s,0 p/s,3.89 p/s,0 p/s,0 p/s,0 p/s
2026-06-04 20:35:30,0 p/s,0 p/s,0 p/s,156 mp/s,0 p/s,3.89 p/s,0 p/s,0 p/s,0 p/s
2026-06-04 20:36:00,0 p/s,0 p/s,0 p/s,189 mp/s,0 p/s,3.72 p/s,0 p/s,0 p/s,0 p/s
2026-06-04 20:36:30,0 p/s,0 p/s,0 p/s,189 mp/s,0 p/s,3.71 p/s,0 p/s,0 p/s,0 p/s
2026-06-04 20:37:00,0 p/s,0 p/s,0 p/s,178 mp/s,0 p/s,3.68 p/s,0 p/s,0 p/s,0 p/s
2026-06-04 20:37:30,0 p/s,0 p/s,0 p/s,144 mp/s,0 p/s,3.67 p/s,0 p/s,0 p/s,0 p/s
2026-06-04 20:38:00,0 p/s,0 p/s,0 p/s,144 mp/s,0 p/s,3.69 p/s,0 p/s,0 p/s,0 p/s
2026-06-04 20:38:30,0 p/s,0 p/s,0 p/s,133 mp/s,0 p/s,3.74 p/s,0 p/s,0 p/s,0 p/s
2026-06-04 20:39:00,0 p/s,0 p/s,0 p/s,111 mp/s,0 p/s,3.81 p/s,0 p/s,0 p/s,0 p/s
2026-06-04 20:39:30,0 p/s,0 p/s,0 p/s,100 mp/s,0 p/s,3.79 p/s,0 p/s,0 p/s,0 p/s
2026-06-04 20:40:00,0 p/s,0 p/s,0 p/s,77.8 mp/s,0 p/s,3.80 p/s,0 p/s,0 p/s,0 p/s
2026-06-04 20:40:30,0 p/s,0 p/s,0 p/s,111 mp/s,0 p/s,3.82 p/s,0 p/s,0 p/s,0 p/s
2026-06-04 20:41:00,0 p/s,0 p/s,0 p/s,133 mp/s,0 p/s,3.84 p/s,0 p/s,0 p/s,0 p/s
2026-06-04 20:41:30,0 p/s,0 p/s,0 p/s,156 mp/s,0 p/s,3.88 p/s,0 p/s,0 p/s,0 p/s
2026-06-04 20:42:00,0 p/s,0 p/s,0 p/s,167 mp/s,0 p/s,3.82 p/s,0 p/s,0 p/s,0 p/s
2026-06-04 20:42:30,0 p/s,0 p/s,0 p/s,167 mp/s,0 p/s,3.78 p/s,0 p/s,0 p/s,0 p/s
2026-06-04 20:43:00,0 p/s,0 p/s,0 p/s,156 mp/s,0 p/s,3.88 p/s,0 p/s,0 p/s,0 p/s
2026-06-04 20:43:30,0 p/s,0 p/s,0 p/s,122 mp/s,0 p/s,3.93 p/s,0 p/s,0 p/s,0 p/s
2026-06-04 20:44:00,0 p/s,0 p/s,0 p/s,111 mp/s,0 p/s,3.98 p/s,0 p/s,0 p/s,0 p/s
2026-06-04 20:44:30,0 p/s,0 p/s,0 p/s,144 mp/s,0 p/s,3.88 p/s,0 p/s,0 p/s,0 p/s
2026-06-04 20:45:00,0 p/s,0 p/s,11.1 mp/s,144 mp/s,0 p/s,3.91 p/s,0 p/s,0 p/s,11.1 mp/s
2026-06-04 20:45:30,0 p/s,0 p/s,11.1 mp/s,122 mp/s,0 p/s,3.92 p/s,0 p/s,0 p/s,11.1 mp/s
2026-06-04 20:46:00,0 p/s,0 p/s,11.1 mp/s,88.9 mp/s,0 p/s,4.00 p/s,0 p/s,0 p/s,11.1 mp/s
2026-06-04 20:46:30,0 p/s,0 p/s,0 p/s,122 mp/s,0 p/s,4.07 p/s,0 p/s,0 p/s,0 p/s
2026-06-04 20:47:00,0 p/s,0 p/s,0 p/s,122 mp/s,0 p/s,4.03 p/s,0 p/s,0 p/s,0 p/s
2026-06-04 20:47:30,0 p/s,0 p/s,0 p/s,167 mp/s,0 p/s,3.97 p/s,0 p/s,0 p/s,0 p/s
2026-06-04 20:48:00,0 p/s,0 p/s,0 p/s,144 mp/s,0 p/s,3.86 p/s,0 p/s,0 p/s,0 p/s
2026-06-04 20:48:30,0 p/s,0 p/s,0 p/s,133 mp/s,0 p/s,3.84 p/s,0 p/s,0 p/s,0 p/s
2026-06-04 20:49:00,0 p/s,0 p/s,0 p/s,100 mp/s,0 p/s,3.78 p/s,0 p/s,0 p/s,0 p/s
2026-06-04 20:49:30,0 p/s,0 p/s,0 p/s,100 mp/s,0 p/s,3.71 p/s,0 p/s,0 p/s,0 p/s
2026-06-04 20:50:00,0 p/s,0 p/s,0 p/s,111 mp/s,0 p/s,3.78 p/s,0 p/s,0 p/s,0 p/s
2026-06-04 20:50:30,0 p/s,0 p/s,11.1 mp/s,100 mp/s,0 p/s,3.82 p/s,0 p/s,0 p/s,11.1 mp/s
2026-06-04 20:51:00,0 p/s,0 p/s,11.1 mp/s,66.7 mp/s,0 p/s,3.94 p/s,0 p/s,0 p/s,11.1 mp/s
2026-06-04 20:51:30,0 p/s,0 p/s,11.1 mp/s,66.7 mp/s,0 p/s,3.97 p/s,0 p/s,0 p/s,11.1 mp/s
2026-06-04 20:52:00,0 p/s,0 p/s,0 p/s,122 mp/s,0 p/s,3.89 p/s,0 p/s,0 p/s,0 p/s
2026-06-04 20:52:30,0 p/s,0 p/s,0 p/s,167 mp/s,0 p/s,3.87 p/s,0 p/s,0 p/s,0 p/s
2026-06-04 20:53:00,0 p/s,0 p/s,0 p/s,156 mp/s,0 p/s,3.81 p/s,0 p/s,0 p/s,0 p/s
2026-06-04 20:53:30,0 p/s,0 p/s,0 p/s,133 mp/s,0 p/s,3.90 p/s,0 p/s,0 p/s,0 p/s
2026-06-04 20:54:00,0 p/s,0 p/s,0 p/s,88.9 mp/s,0 p/s,3.89 p/s,0 p/s,0 p/s,0 p/s
2026-06-04 20:54:30,0 p/s,0 p/s,0 p/s,77.8 mp/s,0 p/s,3.91 p/s,0 p/s,0 p/s,0 p/s
2026-06-04 20:55:00,0 p/s,0 p/s,0 p/s,77.8 mp/s,0 p/s,3.84 p/s,0 p/s,0 p/s,0 p/s
2026-06-04 20:55:30,0 p/s,0 p/s,0 p/s,88.9 mp/s,0 p/s,3.86 p/s,0 p/s,0 p/s,0 p/s
2026-06-04 20:56:00,0 p/s,0 p/s,0 p/s,133 mp/s,0 p/s,3.82 p/s,0 p/s,0 p/s,0 p/s
2026-06-04 20:56:30,0 p/s,0 p/s,0 p/s,100 mp/s,0 p/s,3.82 p/s,0 p/s,0 p/s,0 p/s
2026-06-04 20:57:00,0 p/s,0 p/s,0 p/s,100 mp/s,0 p/s,3.82 p/s,0 p/s,0 p/s,0 p/s
2026-06-04 20:57:30,0 p/s,0 p/s,0 p/s,77.8 mp/s,0 p/s,3.83 p/s,0 p/s,0 p/s,0 p/s
2026-06-04 20:58:00,0 p/s,0 p/s,0 p/s,111 mp/s,0 p/s,3.91 p/s,0 p/s,0 p/s,0 p/s
2026-06-04 20:58:30,0 p/s,0 p/s,0 p/s,144 mp/s,0 p/s,3.86 p/s,0 p/s,0 p/s,0 p/s
2026-06-04 20:59:00,0 p/s,0 p/s,0 p/s,167 mp/s,0 p/s,3.84 p/s,0 p/s,0 p/s,0 p/s
2026-06-04 20:59:30,0 p/s,0 p/s,0 p/s,156 mp/s,0 p/s,3.81 p/s,0 p/s,0 p/s,0 p/s
2026-06-04 21:00:00,0 p/s,0 p/s,0 p/s,144 mp/s,0 p/s,3.89 p/s,0 p/s,0 p/s,0 p/s
2026-06-04 21:00:30,0 p/s,0 p/s,0 p/s,111 mp/s,0 p/s,3.84 p/s,0 p/s,0 p/s,0 p/s
2026-06-04 21:01:00,0 p/s,0 p/s,0 p/s,77.8 mp/s,0 p/s,3.89 p/s,0 p/s,0 p/s,0 p/s
2026-06-04 21:01:30,0 p/s,0 p/s,0 p/s,100 mp/s,0 p/s,3.82 p/s,0 p/s,0 p/s,0 p/s
2026-06-04 21:02:00,0 p/s,0 p/s,0 p/s,133 mp/s,0 p/s,3.90 p/s,0 p/s,0 p/s,0 p/s
2026-06-04 21:02:30,0 p/s,0 p/s,0 p/s,178 mp/s,0 p/s,3.91 p/s,0 p/s,0 p/s,0 p/s
2026-06-04 21:03:00,0 p/s,0 p/s,0 p/s,133 mp/s,0 p/s,3.92 p/s,0 p/s,0 p/s,0 p/s
2026-06-04 21:03:30,0 p/s,0 p/s,0 p/s,133 mp/s,0 p/s,3.80 p/s,0 p/s,0 p/s,0 p/s
2026-06-04 21:04:00,0 p/s,0 p/s,0 p/s,100 mp/s,0 p/s,3.76 p/s,0 p/s,0 p/s,0 p/s
2026-06-04 21:04:30,0 p/s,0 p/s,0 p/s,100 mp/s,0 p/s,3.84 p/s,0 p/s,0 p/s,0 p/s
2026-06-04 21:05:00,0 p/s,0 p/s,0 p/s,77.8 mp/s,0 p/s,3.92 p/s,0 p/s,0 p/s,0 p/s
2026-06-04 21:05:30,0 p/s,0 p/s,0 p/s,88.9 mp/s,0 p/s,3.96 p/s,0 p/s,0 p/s,0 p/s
2026-06-04 21:06:00,0 p/s,0 p/s,0 p/s,77.8 mp/s,0 p/s,3.89 p/s,0 p/s,0 p/s,0 p/s
2026-06-04 21:06:30,0 p/s,0 p/s,0 p/s,77.8 mp/s,0 p/s,3.86 p/s,0 p/s,0 p/s,0 p/s
2026-06-04 21:07:00,0 p/s,0 p/s,0 p/s,88.9 mp/s,0 p/s,3.84 p/s,0 p/s,0 p/s,0 p/s
2026-06-04 21:07:30,0 p/s,0 p/s,0 p/s,122 mp/s,0 p/s,3.86 p/s,0 p/s,0 p/s,0 p/s
2026-06-04 21:08:00,0 p/s,0 p/s,0 p/s,144 mp/s,0 p/s,3.88 p/s,0 p/s,0 p/s,0 p/s
2026-06-04 21:08:30,0 p/s,0 p/s,0 p/s,144 mp/s,0 p/s,3.87 p/s,0 p/s,0 p/s,0 p/s
2026-06-04 21:09:00,0 p/s,0 p/s,0 p/s,122 mp/s,0 p/s,3.91 p/s,0 p/s,0 p/s,0 p/s
2026-06-04 21:09:30,0 p/s,0 p/s,0 p/s,111 mp/s,0 p/s,3.97 p/s,0 p/s,0 p/s,0 p/s
2026-06-04 21:10:00,0 p/s,0 p/s,0 p/s,88.9 mp/s,0 p/s,3.97 p/s,0 p/s,0 p/s,0 p/s
2026-06-04 21:10:30,0 p/s,0 p/s,0 p/s,88.9 mp/s,0 p/s,3.86 p/s,0 p/s,0 p/s,0 p/s
2026-06-04 21:11:00,0 p/s,0 p/s,0 p/s,88.9 mp/s,0 p/s,3.86 p/s,0 p/s,0 p/s,0 p/s
2026-06-04 21:11:30,0 p/s,0 p/s,0 p/s,111 mp/s,0 p/s,3.84 p/s,0 p/s,0 p/s,0 p/s
2026-06-04 21:12:00,0 p/s,0 p/s,0 p/s,144 mp/s,0 p/s,3.92 p/s,0 p/s,0 p/s,0 p/s
2026-06-04 21:12:30,0 p/s,0 p/s,0 p/s,122 mp/s,0 p/s,3.84 p/s,0 p/s,0 p/s,0 p/s
2026-06-04 21:13:00,0 p/s,0 p/s,0 p/s,122 mp/s,0 p/s,3.78 p/s,0 p/s,0 p/s,0 p/s
2026-06-04 21:13:30,0 p/s,0 p/s,0 p/s,133 mp/s,0 p/s,3.74 p/s,0 p/s,0 p/s,0 p/s
2026-06-04 21:14:00,0 p/s,0 p/s,0 p/s,156 mp/s,0 p/s,3.82 p/s,0 p/s,0 p/s,0 p/s
2026-06-04 21:14:30,0 p/s,0 p/s,0 p/s,178 mp/s,0 p/s,3.87 p/s,0 p/s,0 p/s,0 p/s
2026-06-04 21:15:00,0 p/s,0 p/s,0 p/s,122 mp/s,0 p/s,3.82 p/s,0 p/s,0 p/s,0 p/s
2026-06-04 21:15:30,0 p/s,0 p/s,0 p/s,122 mp/s,0 p/s,3.72 p/s,0 p/s,0 p/s,0 p/s
2026-06-04 21:16:00,0 p/s,0 p/s,0 p/s,111 mp/s,0 p/s,3.73 p/s,0 p/s,0 p/s,0 p/s
2026-06-04 21:16:30,0 p/s,0 p/s,0 p/s,122 mp/s,0 p/s,3.82 p/s,0 p/s,0 p/s,0 p/s
2026-06-04 21:17:00,0 p/s,0 p/s,0 p/s,122 mp/s,0 p/s,3.84 p/s,0 p/s,0 p/s,0 p/s
2026-06-04 21:17:30,0 p/s,0 p/s,0 p/s,156 mp/s,0 p/s,3.86 p/s,0 p/s,0 p/s,0 p/s
2026-06-04 21:18:00,0 p/s,0 p/s,0 p/s,167 mp/s,0 p/s,3.79 p/s,0 p/s,0 p/s,0 p/s
2026-06-04 21:18:30,0 p/s,0 p/s,0 p/s,189 mp/s,0 p/s,3.82 p/s,0 p/s,0 p/s,0 p/s
2026-06-04 21:19:00,0 p/s,0 p/s,0 p/s,133 mp/s,0 p/s,3.89 p/s,0 p/s,0 p/s,0 p/s
2026-06-04 21:19:30,0 p/s,0 p/s,0 p/s,156 mp/s,0 p/s,4.01 p/s,0 p/s,0 p/s,0 p/s
2026-06-04 21:20:00,0 p/s,0 p/s,0 p/s,111 mp/s,0 p/s,4.08 p/s,0 p/s,0 p/s,0 p/s
2026-06-04 21:20:30,0 p/s,0 p/s,0 p/s,111 mp/s,0 p/s,3.97 p/s,0 p/s,0 p/s,0 p/s
2026-06-04 21:21:00,0 p/s,0 p/s,0 p/s,122 mp/s,0 p/s,3.93 p/s,0 p/s,0 p/s,0 p/s
2026-06-04 21:21:30,0 p/s,0 p/s,0 p/s,133 mp/s,0 p/s,3.82 p/s,0 p/s,0 p/s,0 p/s
2026-06-04 21:22:00,0 p/s,0 p/s,0 p/s,133 mp/s,0 p/s,3.89 p/s,0 p/s,0 p/s,0 p/s
2026-06-04 21:22:30,0 p/s,0 p/s,0 p/s,133 mp/s,0 p/s,3.81 p/s,0 p/s,0 p/s,0 p/s
2026-06-04 21:23:00,0 p/s,0 p/s,0 p/s,122 mp/s,0 p/s,3.81 p/s,0 p/s,0 p/s,0 p/s
2026-06-04 21:23:30,0 p/s,0 p/s,0 p/s,122 mp/s,0 p/s,3.78 p/s,0 p/s,0 p/s,0 p/s
2026-06-04 21:24:00,0 p/s,0 p/s,0 p/s,88.9 mp/s,0 p/s,3.81 p/s,0 p/s,0 p/s,0 p/s
2026-06-04 21:24:30,0 p/s,0 p/s,0 p/s,122 mp/s,0 p/s,3.86 p/s,0 p/s,0 p/s,0 p/s
2026-06-04 21:25:00,0 p/s,0 p/s,0 p/s,144 mp/s,0 p/s,3.82 p/s,0 p/s,0 p/s,0 p/s
2026-06-04 21:25:30,0 p/s,0 p/s,0 p/s,167 mp/s,0 p/s,3.86 p/s,0 p/s,0 p/s,0 p/s